32 0.94293 0.696721 0.0215781 0.0174239
0 0.484273 0.759555 0.176922 0.377518
0 0.269125 0.83596 0.202406 0.260679
0 0.11932 0.797857 0.158859 0.334403
0 0.141641 0.501288 0.0450625 0.104871
0 0.40918 0.492845 0.0455781 0.117119
0 0.32525 0.523993 0.0469375 0.0644731
0 0.257008 0.502787 0.0486719 0.0983138
0 0.0262656 0.60918 0.0523125 0.182436
0 0.86825 0.520492 0.0339687 0.0491803
34 0.389859 0.713326 0.0824063 0.0177986
35 0.35707 0.796745 0.0316719 0.0716159
0 0.0653438 0.624848 0.06675 0.139204
0 0.287078 0.530316 0.0295312 0.0583372
0 0.0493594 0.509801 0.0400625 0.106862
0 0.813289 0.510515 0.0256094 0.0696019
