62 0.42217 0.716493 0.42062 0.529893
39 0.18036 0.82772 0.09312 0.308133
73 0.72236 0.389267 0.0116 0.126267
73 0.85443 0.394213 0.09602 0.168427
73 0.67057 0.39276 0.01246 0.128667
73 0.68045 0.39272 0.01022 0.130347
73 0.69228 0.395107 0.01284 0.126
73 0.69397 0.759547 0.0587 0.152
73 0.70329 0.39012 0.01758 0.130427
73 0.73517 0.39176 0.1441 0.13056
73 0.70365 0.946067 0.24438 0.0854133
77 0.43418 0.07944 0.09648 0.141707
45 0.3492 0.22412 0.08104 0.0635467
64 0.23286 0.97588 0.07216 0.04728
73 0.22994 0.248627 0.10952 0.0140533
73 0.22808 0.260147 0.11112 0.0140533
73 0.23099 0.273973 0.10746 0.01264
77 0.81076 0.16444 0.07972 0.14712
73 0.23152 0.286933 0.10744 0.0138667
39 0.43892 0.215467 0.05436 0.176373
