0 0.585096 0.742031 0.283615 0.43625
0 0.914212 0.391609 0.171577 0.146719
38 0.672365 0.708156 0.202846 0.0637812
56 0.16275 0.383633 0.0835769 0.0347969
56 0.252885 0.382375 0.0876538 0.03975
56 0.435712 0.380219 0.0913462 0.0406562
56 0.525846 0.503047 0.108769 0.0441875
56 0.309221 0.427586 0.0964038 0.0472656
56 0.219269 0.420742 0.0970385 0.0403281
56 0.120962 0.425578 0.0902308 0.037
56 0.0719038 0.385688 0.0918077 0.0350625
56 0.851952 0.511687 0.118288 0.0727187
56 0.676125 0.453242 0.0990962 0.0337656
56 0.632846 0.501867 0.0988077 0.0426094
56 0.512096 0.417664 0.127808 0.120953
56 0.340683 0.395742 0.0936731 0.0648906
