44 0.272852 0.0844601 0.527703 0.16216
50 0.536797 0.70669 0.0981563 0.12108
50 0.463555 0.580915 0.303047 0.253474
51 0.625687 0.844707 0.142531 0.192934
51 0.762328 0.686068 0.127344 0.181901
51 0.784656 0.536467 0.115906 0.183545
51 0.852633 0.665904 0.104766 0.179319
51 0.392148 0.376291 0.0589219 0.0844601
51 0.421758 0.199108 0.115141 0.154742
45 0.5 0.507864 1 0.94831
51 0.374008 0.492535 0.134422 0.182817
51 0.263648 0.537782 0.104266 0.162746
51 0.638195 0.15473 0.0917344 0.104296
51 0.602 0.503779 0.086625 0.128638
