0 0.613805 0.7741 0.0150156 0.0311449
0 0.535719 0.755491 0.01075 0.0305607
0 0.525578 0.753984 0.00984375 0.0325935
0 0.639203 0.776121 0.0229687 0.0302804
33 0.692844 0.46715 0.0286875 0.0350467
33 0.446031 0.596834 0.0151562 0.0148832
33 0.689094 0.207897 0.0162188 0.0292056
33 0.475727 0.499147 0.0350781 0.0250234
0 0.879875 0.763516 0.0110937 0.0432477
0 0.845305 0.755491 0.00795313 0.0343925
2 0.442828 0.734521 0.0151562 0.0124533
2 0.494555 0.745853 0.0163906 0.0110514
2 0.467687 0.744346 0.0134375 0.0096729
2 0.415742 0.759311 0.0303906 0.0168458
33 0.130477 0.81125 0.0651094 0.031285
33 0.630531 0.660187 0.0588437 0.0371963
0 0.434891 0.778084 0.0125312 0.0299533
0 0.85457 0.76118 0.00695313 0.0380607
0 0.919844 0.762196 0.0070625 0.0230841
0 0.394578 0.765829 0.0083125 0.0538084
0 0.37107 0.765047 0.0122344 0.056729
0 0.349812 0.764147 0.0119375 0.0635748
