0 0.328367 0.581768 0.570172 0.836464
44 0.661289 0.846897 0.0239219 0.0551522
68 0.895828 0.860667 0.205406 0.256183
42 0.956789 0.637482 0.0119844 0.0954333
43 0.709992 0.811206 0.0270781 0.0811944
43 0.722367 0.803923 0.0248281 0.105785
44 0.645375 0.786768 0.0360938 0.0592974
44 0.627625 0.847494 0.0555937 0.0937705
44 0.639727 0.395785 0.0226094 0.268525
44 0.668227 0.388841 0.0209844 0.24185
44 0.528242 0.679028 0.0283906 0.156745
43 0.733969 0.824731 0.0254375 0.0779391
43 0.739711 0.799742 0.0215469 0.0761124
43 0.745219 0.824297 0.0239375 0.0777283
74 0.0422031 0.063185 0.0839375 0.12637
44 0.656383 0.885656 0.0502969 0.0494379
44 0.626297 0.738958 0.0258437 0.0757611
44 0.618633 0.933571 0.0230156 0.0537939
44 0.644 0.861382 0.03375 0.0588759
44 0.977539 0.144672 0.00748437 0.0528571
