34 0.845453 0.619358 0.00625 0.124954
35 0.892836 0.870573 0.0139219 0.0306881
35 0.125352 0.466812 0.0108906 0.0422477
35 0.440953 0.125642 0.00853125 0.0216514
0 0.595023 0.178188 0.0269531 0.126743
0 0.444703 0.169633 0.0422187 0.170459
0 0.344438 0.174839 0.0346875 0.142248
0 0.13107 0.473211 0.0289531 0.22055
0 0.852109 0.750023 0.045375 0.250413
0 0.907797 0.821261 0.0418125 0.17445
0 0.946813 0.81656 0.0424687 0.213761
0 0.879648 0.132087 0.0217031 0.0443578
0 0.859398 0.156514 0.0150781 0.12
0 0.939578 0.0609404 0.014 0.0465596
0 0.428398 0.0922018 0.0276406 0.125413
0 0.897008 0.188716 0.0185469 0.108899
0 0.913047 0.202523 0.0105 0.109725
