0 0.451896 0.597008 0.588333 0.805984
65 0.743948 0.588086 0.0926875 0.0290469
73 0.551552 0.683148 0.0211042 0.109703
73 0.154083 0.278789 0.0150417 0.0245469
73 0.0760208 0.27925 0.0192917 0.045125
73 0.0649583 0.279477 0.0175 0.0457969
73 0.107365 0.280766 0.0591875 0.0471875
73 0.125104 0.190445 0.196375 0.0717969
73 0.18649 0.121867 0.0287708 0.0450469
57 0.0949896 0.879836 0.183063 0.209859
58 0.925958 0.498328 0.121708 0.132469
58 0.845135 0.422563 0.130229 0.154219
58 0.944417 0.358805 0.111167 0.162297
