2 0.752648 0.525833 0.0433594 0.033216
2 0.835727 0.538498 0.0380469 0.028169
2 0.700875 0.521455 0.0364375 0.0202347
2 0.937398 0.559777 0.0424219 0.0335915
6 0.452477 0.576408 0.755359 0.280892
2 0.794984 0.538779 0.0368125 0.0261502
2 0.953469 0.514906 0.026125 0.012723
7 0.539727 0.464061 0.0373281 0.0238967
7 0.58518 0.471397 0.0379844 0.0165962
2 0.982555 0.572371 0.0348906 0.0300469
2 0.767367 0.531279 0.0373906 0.0296948
2 0.617961 0.476373 0.0250156 0.0100704
2 0.588344 0.471491 0.0307812 0.0183333
2 0.560102 0.471303 0.0302344 0.0119953
2 0.796047 0.521796 0.0299687 0.0145775
2 0.734094 0.523427 0.029375 0.02723
