56 0.293922 0.361479 0.155406 0.166667
56 0.44668 0.410333 0.130984 0.247292
42 0.609039 0.883219 0.296391 0.233563
43 0.44157 0.875375 0.0263281 0.24925
53 0.477352 0.902354 0.527641 0.17175
60 0.29882 0.235885 0.225172 0.158021
0 0.662641 0.494385 0.674719 0.988771
0 0.198031 0.560677 0.392687 0.586521
0 0.487922 0.144948 0.200563 0.285396
0 0.360898 0.09825 0.106328 0.1965
0 0.28382 0.0939375 0.126391 0.178792
0 0.101781 0.181698 0.203563 0.363396
0 0.229195 0.0578125 0.0485469 0.115625
0 0.662703 0.0901562 0.05425 0.175229
41 0.302555 0.184302 0.0300156 0.0379792
56 0.0354844 0.455885 0.0700937 0.352854
56 0.664039 0.177365 0.0357656 0.0266458
60 0.956766 0.246594 0.0864688 0.0742708
0 0.422117 0.0313958 0.0221719 0.0597083
0 0.586672 0.0973229 0.124219 0.194646
60 0.502242 0.893083 0.994641 0.213833
41 0.269547 0.186688 0.0292187 0.0487083
41 0.343391 0.184292 0.0312187 0.0327917
41 0.369352 0.1825 0.0258281 0.0487083
