1 0.0961484 0.577531 0.0396094 0.0350625
0 0.441242 0.610219 0.0615781 0.185812
1 0.0487266 0.581052 0.0393594 0.0324375
0 0.158914 0.60201 0.0588594 0.136771
0 0.402781 0.554979 0.0191562 0.0547917
32 0.4245 0.616625 0.00290625 0.00575
0 0.34607 0.556073 0.0166094 0.0496042
0 0.708234 0.550083 0.0200625 0.0737917
0 0.797523 0.542563 0.0198594 0.0664583
38 0.471602 0.638062 0.0230469 0.0662083
0 0.618039 0.555833 0.0188906 0.0434583
0 0.0276328 0.575719 0.0350781 0.0746042
38 0.0979609 0.567479 0.106297 0.0743333
38 0.398789 0.564906 0.00676562 0.0088125
1 0.990477 0.564375 0.0163906 0.0199167
