67 0.470422 0.518578 0.031 0.0396034
0 0.523391 0.613483 0.676125 0.750552
0 0.0631328 0.597897 0.126266 0.480897
0 0.184836 0.643534 0.128984 0.352862
0 0.902508 0.672655 0.194984 0.65469
67 0.979633 0.537129 0.0247344 0.0199828
0 0.200016 0.441362 0.0607188 0.0808621
0 0.284094 0.507862 0.128312 0.188759
0 0.670172 0.427164 0.0514687 0.182707
0 0.7045 0.453991 0.0685937 0.195086
0 0.296867 0.630474 0.0943594 0.115466
0 0.123273 0.479983 0.0756094 0.218862
0 0.755555 0.513638 0.110609 0.154586
