0 0.094792 0.648148 0.03125 0.148148
0 0.115365 0.651852 0.020313 0.103704
0 0.121615 0.631944 0.016146 0.128704
0 0.185938 0.651852 0.032292 0.137037
0 0.176302 0.635648 0.023438 0.119444
0 0.23776 0.651389 0.021354 0.097222
0 0.220312 0.624537 0.01875 0.110185
0 0.132292 0.658796 0.015625 0.102778
2 0.334115 0.693981 0.144271 0.15463
2 0.489844 0.655556 0.041146 0.062963
2 0.51224 0.646296 0.022396 0.040741
2 0.524479 0.647222 0.015625 0.022222
2 0.534896 0.641204 0.014583 0.028704
2 0.47474 0.636111 0.017188 0.031481
0 0.884375 0.740278 0.095833 0.434259
