1 0.15026 0.744444 0.059896 0.192593
2 0.163542 0.748611 0.139583 0.130556
2 0.297135 0.744907 0.153646 0.199074
2 0.40651 0.724537 0.044271 0.071296
2 0.427344 0.716667 0.022396 0.031481
2 0.447135 0.713889 0.017188 0.024074
2 0.479167 0.718056 0.016667 0.026852
2 0.509896 0.720833 0.028125 0.037963
2 0.536458 0.731481 0.040625 0.057407
2 0.599219 0.751389 0.103646 0.149074
1 0.700781 0.746296 0.021354 0.109259
2 0.758594 0.723148 0.059896 0.05
0 0.904687 0.747222 0.027083 0.142593
4 0.604167 0.706944 0.120833 0.084259
