1 0.067708 0.69537 0.045833 0.096296
2 0.325521 0.675926 0.0375 0.042593
2 0.383594 0.673611 0.027604 0.037963
2 0.363281 0.666667 0.022396 0.027778
2 0.348177 0.662037 0.016146 0.025926
0 0.217188 0.670833 0.009375 0.037963
2 0.286198 0.673611 0.022396 0.017593
0 0.286198 0.66713 0.006771 0.028704
2 0.394531 0.668056 0.017188 0.034259
2 0.419792 0.67037 0.014583 0.024074
2 0.503385 0.677778 0.044271 0.074074
2 0.483594 0.666667 0.023438 0.033333
2 0.472396 0.674074 0.020833 0.018519
2 0.573958 0.691204 0.070833 0.110185
0 0.621615 0.673148 0.006771 0.033333
3 0.36849 0.656019 0.014063 0.034259
