2 0.093229 0.705556 0.184375 0.433333
2 0.184115 0.639352 0.100521 0.117593
2 0.371354 0.638426 0.055208 0.071296
2 0.397656 0.627778 0.034896 0.055556
2 0.426563 0.624537 0.025 0.032407
2 0.440625 0.624074 0.016667 0.025926
2 0.450781 0.620833 0.009896 0.013889
2 0.476042 0.631481 0.032292 0.037037
4 0.474479 0.618519 0.019792 0.05
2 0.498698 0.641667 0.044271 0.064815
1 0.540104 0.636111 0.011458 0.040741
1 0.531771 0.634722 0.008333 0.034259
1 0.613281 0.665278 0.030729 0.125
2 0.94401 0.652778 0.111979 0.196296
2 0.892448 0.653704 0.176563 0.127778
2 0.817708 0.656944 0.14375 0.087963
2 0.764323 0.655556 0.115104 0.081481
2 0.736979 0.641204 0.09375 0.078704
2 0.684896 0.632407 0.08125 0.072222
