1 0.695312 0.612037 0.032292 0.111111
1 0.670833 0.60787 0.027083 0.097222
1 0.639583 0.599537 0.01875 0.075
1 0.55 0.626852 0.022917 0.094444
1 0.508594 0.622685 0.023438 0.087963
1 0.461979 0.612037 0.008333 0.031481
2 0.405208 0.618981 0.05 0.076852
2 0.375521 0.60787 0.021875 0.034259
2 0.356771 0.613889 0.027083 0.038889
2 0.300521 0.604167 0.034375 0.056481
2 0.327865 0.62037 0.041146 0.057407
2 0.253385 0.636111 0.100521 0.12037
1 0.11224 0.632407 0.030729 0.112963
1 0.049479 0.633796 0.060417 0.184259
1 0.026302 0.636111 0.051562 0.159259
