2 0.165885 0.64537 0.139063 0.088889
0 0.111979 0.638889 0.011458 0.062963
0 0.266146 0.635185 0.014583 0.081481
0 0.307031 0.637963 0.026562 0.081481
0 0.339844 0.636111 0.011979 0.068519
0 0.334115 0.641667 0.009896 0.061111
2 0.505729 0.62037 0.022917 0.016667
2 0.492188 0.622222 0.017708 0.011111
2 0.475 0.619444 0.008333 0.014815
2 0.46875 0.621296 0.013542 0.025926
2 0.453906 0.620833 0.008854 0.013889
2 0.436458 0.621759 0.007292 0.012037
1 0.431771 0.622685 0.008333 0.013889
4 0.447656 0.618056 0.008854 0.017593
2 0.677865 0.566204 0.019271 0.032407
