1 0.882552 0.700463 0.078646 0.252778
1 0.697135 0.653241 0.039062 0.100926
2 0.59375 0.6125 0.040625 0.039815
2 0.548177 0.601389 0.027604 0.030556
2 0.483594 0.649537 0.134896 0.230556
1 0.332813 0.606019 0.01875 0.062037
2 0.370312 0.5875 0.054167 0.039815
2 0.407292 0.589352 0.038542 0.036111
0 0.301563 0.588426 0.011458 0.041667
2 0.053646 0.599074 0.075 0.07037
2 0.10651 0.59213 0.058854 0.062037
2 0.136198 0.590278 0.043229 0.05463
2 0.151042 0.586111 0.038542 0.042593
2 0.023177 0.588889 0.044271 0.059259
