2 0.060156 0.577778 0.120313 0.092593
2 0.131771 0.5625 0.092708 0.060185
2 0.173437 0.566667 0.0625 0.05
0 0.211458 0.60787 0.058333 0.175
2 0.227344 0.574074 0.041146 0.031481
0 0.238542 0.576852 0.010417 0.042593
2 0.395052 0.741204 0.404687 0.519444
0 0.620833 0.643981 0.0375 0.234259
0 0.60625 0.62037 0.052083 0.151852
1 0.639062 0.617593 0.065625 0.125926
4 0.745573 0.5625 0.302604 0.169444
1 0.811719 0.706019 0.080729 0.328704
2 0.917448 0.618056 0.150521 0.091667
2 0.977083 0.613426 0.045833 0.073148
3 0.590365 0.537037 0.397396 0.172222
