4 0.108073 0.500463 0.211979 1.000926
2 0.24401 0.724074 0.191146 0.274074
2 0.347135 0.675926 0.128646 0.188889
2 0.414844 0.672685 0.066146 0.10463
2 0.441406 0.651852 0.046354 0.090741
4 0.42526 0.636574 0.073438 0.119444
2 0.465104 0.656481 0.030208 0.053704
2 0.476042 0.652315 0.027083 0.04537
2 0.485417 0.649537 0.01875 0.039815
2 0.500521 0.647222 0.013542 0.024074
2 0.50625 0.64213 0.0125 0.023148
2 0.516667 0.649074 0.020833 0.031481
2 0.533333 0.649537 0.016667 0.025
2 0.542448 0.641667 0.031771 0.035185
1 0.986719 0.730556 0.026562 0.181481
1 0.674219 0.67963 0.018229 0.064815
