2 0.028125 0.609722 0.05625 0.056481
1 0.14375 0.608796 0.022917 0.052778
1 0.190885 0.608333 0.020313 0.046296
1 0.248177 0.60787 0.024479 0.050926
1 0.220052 0.606481 0.022396 0.048148
0 0.275521 0.599537 0.015625 0.091667
2 0.342187 0.606944 0.051042 0.043519
2 0.390885 0.60787 0.047396 0.041667
3 0.439583 0.585185 0.060417 0.092593
2 0.484635 0.606019 0.034896 0.041667
2 0.507812 0.604167 0.025 0.032407
2 0.520312 0.599537 0.019792 0.026852
2 0.53776 0.598148 0.025521 0.02963
1 0.488542 0.610648 0.042708 0.062037
2 0.552344 0.599074 0.017188 0.022222
2 0.56875 0.605093 0.028125 0.032407
2 0.619531 0.602778 0.013021 0.02037
1 0.751823 0.665278 0.070312 0.208333
1 0.855208 0.675463 0.088542 0.243519
1 0.901562 0.65463 0.060417 0.244444
