4 0.204948 0.499537 0.408854 1.000926
2 0.607031 0.613426 0.047396 0.05463
2 0.582552 0.600926 0.008854 0.012963
3 0.618229 0.599537 0.059375 0.065741
3 0.675 0.605093 0.044792 0.058333
2 0.713542 0.610648 0.021875 0.025
2 0.733854 0.610185 0.022917 0.031481
3 0.745313 0.593056 0.036458 0.041667
2 0.757031 0.609259 0.033854 0.037037
2 0.78776 0.613426 0.032813 0.032407
2 0.823177 0.613426 0.043229 0.039815
4 0.859375 0.6 0.076042 0.062963
2 0.917708 0.618519 0.042708 0.040741
2 0.984896 0.616204 0.030208 0.089815
