2 0.148698 0.718981 0.141146 0.110185
2 0.286458 0.702778 0.069792 0.074074
2 0.323437 0.694444 0.05 0.064815
0 0.532031 0.691204 0.019271 0.09537
0 0.548438 0.686111 0.019792 0.101852
0 0.938802 0.691204 0.038021 0.173148
0 0.878906 0.706944 0.042188 0.160185
3 0.734635 0.636574 0.143229 0.243519
2 0.654948 0.693519 0.046354 0.07037
2 0.63724 0.689352 0.036979 0.05463
2 0.621875 0.685648 0.03125 0.049074
3 0.610938 0.661111 0.040625 0.085185
2 0.590104 0.678704 0.019792 0.040741
2 0.57526 0.675463 0.018229 0.028704
