2 0.051823 0.640741 0.102604 0.081481
1 0.104948 0.644907 0.036979 0.073148
1 0.19974 0.654167 0.034896 0.058333
1 0.29974 0.652315 0.013021 0.062037
1 0.346615 0.655556 0.014063 0.05
1 0.364583 0.658796 0.014583 0.04537
1 0.353385 0.655093 0.010937 0.050926
1 0.38724 0.652315 0.015104 0.04537
2 0.416146 0.645833 0.009375 0.036111
2 0.404167 0.644444 0.016667 0.027778
2 0.423437 0.644444 0.023958 0.02037
2 0.432812 0.640741 0.019792 0.018519
2 0.476042 0.659722 0.036458 0.047222
2 0.497917 0.659722 0.027083 0.043519
2 0.509375 0.651852 0.022917 0.040741
2 0.528906 0.660648 0.034896 0.05463
2 0.544531 0.662963 0.022396 0.038889
2 0.558854 0.660185 0.01875 0.037037
2 0.565885 0.656944 0.016146 0.028704
4 0.567187 0.644444 0.025 0.059259
2 0.948698 0.760648 0.013021 0.113889
2 0.716927 0.67037 0.036979 0.048148
2 0.707552 0.655556 0.028646 0.044444
2 0.692969 0.664352 0.019271 0.032407
2 0.680208 0.657407 0.01875 0.024074
2 0.7875 0.674074 0.047917 0.048148
2 0.758854 0.669444 0.028125 0.038889
2 0.739323 0.666667 0.024479 0.040741
1 0.908854 0.67963 0.022917 0.057407
1 0.942187 0.676389 0.010417 0.039815
1 0.961458 0.683796 0.013542 0.032407
1 0.977344 0.681944 0.011979 0.04537
