0 0.06276 0.572685 0.025521 0.097222
0 0.091146 0.578704 0.025 0.088889
1 0.334375 0.599537 0.013542 0.043519
2 0.36901 0.603241 0.039062 0.056481
2 0.39974 0.599074 0.011979 0.018519
2 0.417969 0.599537 0.014063 0.021296
1 0.454427 0.613889 0.024479 0.07963
1 0.483854 0.628241 0.019792 0.087963
0 0.507292 0.628241 0.016667 0.073148
2 0.514583 0.624537 0.051042 0.078704
3 0.48125 0.592593 0.038542 0.083333
0 0.576042 0.621296 0.0125 0.051852
0 0.551823 0.6125 0.011979 0.050926
1 0.588021 0.62037 0.013542 0.066667
0 0.632031 0.631944 0.017188 0.063889
0 0.617969 0.625926 0.018229 0.068519
0 0.652083 0.626852 0.014583 0.066667
2 0.661198 0.627315 0.084896 0.05463
0 0.692708 0.631481 0.015625 0.074074
0 0.683073 0.629167 0.014063 0.069444
0 0.772917 0.696296 0.042708 0.25
0 0.82474 0.676852 0.038021 0.183333
0 0.950521 0.675463 0.033333 0.163889
