1 0.55026 0.756481 0.015104 0.066667
1 0.53151 0.749537 0.016146 0.050926
2 0.422396 0.73287 0.013542 0.025
2 0.409115 0.733796 0.010937 0.013889
3 0.407812 0.722685 0.0125 0.032407
2 0.392448 0.734259 0.011979 0.02037
2 0.38151 0.731019 0.013021 0.021296
1 0.368229 0.737037 0.011458 0.053704
3 0.357552 0.723148 0.016146 0.031481
2 0.34375 0.734722 0.019792 0.025
2 0.23724 0.734259 0.036979 0.037037
0 0.158333 0.727778 0.009375 0.057407
2 0.09974 0.72037 0.049479 0.031481
2 0.316406 0.727778 0.017188 0.014815
