2 0.955208 0.831019 0.089583 0.289815
0 0.976302 0.622222 0.023438 0.131481
2 0.853906 0.69213 0.279687 0.325
2 0.661979 0.668981 0.136458 0.150926
2 0.584635 0.644444 0.076563 0.103704
2 0.53724 0.635185 0.040104 0.059259
2 0.522135 0.629167 0.024479 0.039815
2 0.513021 0.62963 0.020833 0.033333
1 0.491146 0.626389 0.010417 0.043519
2 0.478646 0.623611 0.017708 0.026852
2 0.469792 0.618981 0.008333 0.013889
3 0.45 0.613426 0.009375 0.021296
2 0.451562 0.62037 0.011458 0.016667
2 0.44349 0.62037 0.011979 0.018519
2 0.404948 0.625 0.024479 0.033333
2 0.427344 0.625926 0.028646 0.040741
2 0.391146 0.621296 0.015625 0.024074
2 0.378385 0.624537 0.020313 0.032407
1 0.372135 0.623611 0.011979 0.047222
2 0.351302 0.625926 0.030729 0.042593
2 0.335677 0.628241 0.031771 0.04537
2 0.311719 0.62963 0.036979 0.057407
2 0.284635 0.633796 0.054688 0.069444
2 0.233333 0.631481 0.071875 0.094444
2 0.188281 0.646296 0.090104 0.101852
0 0.18776 0.643056 0.022396 0.123148
0 0.179167 0.658796 0.013542 0.093519
2 0.091146 0.643056 0.142708 0.149074
