3 0.822917 0.78287 0.35 0.425
2 0.614323 0.785185 0.128646 0.140741
3 0.55625 0.687963 0.132292 0.22963
2 0.429167 0.756944 0.070833 0.110185
1 0.379948 0.731481 0.028646 0.05
3 0.366927 0.703241 0.013021 0.028704
0 0.351823 0.732407 0.015104 0.057407
0 0.346615 0.728241 0.010937 0.063889
2 0.285156 0.720833 0.061979 0.047222
0 0.270052 0.724074 0.010937 0.072222
0 0.24974 0.723611 0.014063 0.075
3 0.19401 0.694907 0.077604 0.075
0 0.217969 0.725 0.014063 0.068519
0 0.191146 0.72037 0.016667 0.066667
2 0.140625 0.732407 0.097917 0.105556
3 0.141146 0.6875 0.085417 0.076852
2 0.039844 0.694907 0.067187 0.052778
