0 0.16224 0.633333 0.011979 0.055556
0 0.178125 0.62963 0.010417 0.048148
0 0.188021 0.627778 0.009375 0.046296
2 0.346615 0.637963 0.046354 0.048148
2 0.401302 0.636111 0.020313 0.024074
4 0.417187 0.625926 0.023958 0.024074
4 0.447396 0.621296 0.038542 0.090741
1 0.474479 0.639352 0.008333 0.032407
1 0.492708 0.639352 0.009375 0.036111
0 0.513281 0.65 0.010937 0.053704
2 0.528385 0.644907 0.021354 0.047222
2 0.544531 0.649074 0.041146 0.059259
2 0.561458 0.660648 0.034375 0.063889
2 0.584375 0.664815 0.057292 0.074074
2 0.669531 0.692593 0.094271 0.137037
2 0.763802 0.708333 0.183854 0.231481
2 0.89375 0.761111 0.211458 0.477778
