0 0.013281 0.690278 0.023438 0.239815
0 0.039323 0.685648 0.052604 0.250926
2 0.096094 0.706019 0.150521 0.143519
0 0.133854 0.694907 0.034375 0.15463
0 0.157552 0.699537 0.030729 0.15463
2 0.199219 0.693519 0.084896 0.107407
2 0.261458 0.6875 0.067708 0.084259
2 0.336458 0.667593 0.065625 0.083333
2 0.401823 0.666204 0.040104 0.032407
0 0.39349 0.672685 0.011979 0.050926
2 0.484115 0.703241 0.140104 0.232407
2 0.532031 0.689815 0.067187 0.131481
3 0.623437 0.646759 0.05625 0.047222
1 0.599479 0.672685 0.01875 0.062037
1 0.62474 0.668056 0.020313 0.069444
0 0.638802 0.673611 0.011979 0.056481
0 0.745833 0.658333 0.014583 0.072222
0 0.729167 0.660185 0.019792 0.064815
0 0.705729 0.661574 0.011458 0.052778
0 0.690885 0.658333 0.017188 0.07963
0 0.798958 0.652778 0.0125 0.051852
4 0.816406 0.627315 0.067187 0.050926
0 0.908333 0.666667 0.033333 0.144444
0 0.961198 0.740278 0.075521 0.408333
