1 0.264844 0.637963 0.014063 0.042593
1 0.324479 0.631481 0.011458 0.037037
1 0.36224 0.628704 0.007812 0.027778
2 0.434635 0.625926 0.052604 0.096296
2 0.46901 0.635185 0.041146 0.055556
2 0.529687 0.631481 0.0375 0.061111
2 0.495312 0.626389 0.025 0.034259
2 0.546094 0.620833 0.024479 0.050926
0 0.763802 0.635648 0.015104 0.069444
0 0.925521 0.657407 0.035417 0.159259
2 0.957552 0.649074 0.084896 0.107407
2 0.270052 0.633333 0.034896 0.024074
0 0.239062 0.629167 0.009375 0.043519
0 0.682031 0.61713 0.006771 0.034259
0 0.640365 0.61713 0.007812 0.032407
0 0.665104 0.618519 0.008333 0.035185
