2 0.133594 0.646296 0.267188 0.351852
3 0.510677 0.648148 0.013021 0.024074
2 0.520833 0.675463 0.025 0.017593
4 0.532292 0.662037 0.014583 0.033333
2 0.494271 0.670833 0.011458 0.017593
2 0.466927 0.677778 0.014063 0.027778
2 0.445312 0.675926 0.035417 0.072222
2 0.391406 0.698148 0.064062 0.075926
2 0.509375 0.678704 0.014583 0.025926
0 0.346354 0.688426 0.007292 0.034259
2 0.476562 0.672685 0.008333 0.015741
2 0.480729 0.670833 0.008333 0.015741
1 0.561198 0.672685 0.006771 0.028704
1 0.55625 0.671296 0.004167 0.014815
