3 0.104688 0.613426 0.207292 0.341667
2 0.145313 0.813889 0.292708 0.355556
3 0.281771 0.664352 0.153125 0.330556
2 0.492969 0.798148 0.152604 0.22037
2 0.367708 0.738426 0.03125 0.049074
2 0.396615 0.737037 0.020313 0.035185
4 0.544271 0.725 0.036458 0.077778
1 0.583854 0.74537 0.007292 0.033333
1 0.590625 0.745833 0.008333 0.034259
1 0.617448 0.74537 0.009896 0.038889
1 0.635677 0.742593 0.009896 0.048148
1 0.676042 0.744907 0.011458 0.056481
1 0.705729 0.746296 0.013542 0.044444
2 0.833333 0.734259 0.038542 0.040741
