2 0.863281 0.776389 0.272396 0.382407
2 0.603646 0.718981 0.272917 0.236111
2 0.4375 0.663426 0.135417 0.178704
2 0.361198 0.634722 0.117188 0.165741
2 0.309635 0.655093 0.061979 0.082407
2 0.282813 0.650926 0.051042 0.07037
2 0.260937 0.644907 0.044792 0.062037
2 0.247656 0.643056 0.035937 0.052778
2 0.234635 0.639352 0.036979 0.04537
2 0.21875 0.633333 0.030208 0.048148
2 0.209635 0.635648 0.024479 0.036111
2 0.198698 0.631944 0.023438 0.032407
2 0.186458 0.629167 0.015625 0.026852
1 0.169271 0.639815 0.016667 0.055556
2 0.156771 0.632407 0.021875 0.02963
2 0.146875 0.622685 0.010417 0.019444
1 0.110156 0.628704 0.005729 0.02037
1 0.095312 0.632407 0.010417 0.035185
1 0.054167 0.635185 0.019792 0.061111
1 0.020313 0.648148 0.025 0.072222
0 0.015365 0.629167 0.010937 0.056481
