2 0.039583 0.630556 0.079167 0.088889
2 0.054427 0.609722 0.109896 0.108333
2 0.102344 0.616204 0.111979 0.089815
2 0.146875 0.6125 0.110417 0.076852
2 0.193229 0.609722 0.086458 0.052778
2 0.209115 0.60463 0.069271 0.057407
2 0.235677 0.594444 0.046354 0.046296
2 0.272135 0.601389 0.048438 0.037963
2 0.2875 0.598611 0.045833 0.041667
0 0.353385 0.612037 0.011979 0.051852
1 0.385417 0.617593 0.011458 0.044444
2 0.442188 0.594444 0.009375 0.022222
2 0.463542 0.641667 0.060417 0.112963
2 0.505469 0.605556 0.020313 0.037037
2 0.515365 0.613889 0.024479 0.044444
2 0.529687 0.624074 0.039583 0.059259
2 0.569271 0.606019 0.032292 0.05463
2 0.584635 0.659722 0.065104 0.086111
2 0.691406 0.73287 0.139063 0.173148
