3 0.798958 0.627315 0.398958 0.741667
1 0.560937 0.663889 0.008333 0.033333
3 0.485937 0.645833 0.026042 0.062037
2 0.458594 0.675926 0.032813 0.048148
2 0.439844 0.665278 0.025521 0.050926
2 0.423698 0.668056 0.014063 0.025
2 0.389323 0.675926 0.030729 0.048148
4 0.369531 0.680093 0.034896 0.052778
2 0.348958 0.678241 0.04375 0.076852
4 0.357552 0.649537 0.042188 0.076852
2 0.292969 0.6875 0.080729 0.108333
2 0.224219 0.702315 0.118229 0.147222
2 0.332031 0.687037 0.063021 0.081481
2 0.095833 0.747685 0.188542 0.247222
