0 0.947135 0.718981 0.020313 0.100926
0 0.889062 0.721296 0.01875 0.094444
0 0.808854 0.707407 0.013542 0.064815
0 0.800521 0.70787 0.011458 0.058333
0 0.82526 0.699537 0.008854 0.060185
0 0.85026 0.698611 0.008854 0.04537
0 0.783073 0.706019 0.013021 0.069444
0 0.6875 0.7 0.009375 0.044444
2 0.460156 0.698148 0.046354 0.07963
2 0.426563 0.681944 0.007292 0.013889
2 0.407812 0.688889 0.026042 0.044444
2 0.38724 0.697685 0.047396 0.063889
1 0.238021 0.684722 0.010417 0.032407
2 0.048177 0.684722 0.095312 0.10463
