2 0.966406 0.594907 0.068229 0.075
1 0.879948 0.601852 0.027604 0.057407
2 0.822396 0.613426 0.127083 0.078704
2 0.789844 0.601852 0.091146 0.062963
1 0.707292 0.611111 0.020833 0.044444
1 0.685677 0.611574 0.025521 0.04537
1 0.655469 0.611574 0.023438 0.04537
0 0.508594 0.685185 0.064062 0.431481
2 0.489583 0.617593 0.101042 0.068519
2 0.451823 0.603704 0.034896 0.053704
0 0.438802 0.662037 0.093229 0.401852
2 0.358073 0.615741 0.148438 0.096296
2 0.286458 0.618519 0.095833 0.066667
2 0.224479 0.647685 0.117708 0.149074
2 0.06849 0.630093 0.136979 0.102778
1 0.025781 0.626852 0.051562 0.133333
