2 0.069792 0.722685 0.139583 0.382407
3 0.08776 0.568056 0.175521 0.228704
1 0.195833 0.629167 0.009375 0.030556
2 0.271615 0.629167 0.024479 0.026852
2 0.296094 0.626389 0.022396 0.032407
3 0.314323 0.612037 0.027604 0.05
2 0.316667 0.625 0.042708 0.042593
3 0.35026 0.606481 0.044271 0.066667
4 0.375781 0.615741 0.023438 0.033333
2 0.401562 0.624074 0.009375 0.012963
2 0.51875 0.625 0.009375 0.012963
2 0.511198 0.622222 0.007812 0.012963
2 0.504167 0.623611 0.010417 0.013889
2 0.491146 0.624074 0.011458 0.016667
2 0.575781 0.631019 0.100521 0.073148
2 0.936719 0.632407 0.099479 0.059259
2 0.961979 0.631944 0.077083 0.065741
2 0.976562 0.639352 0.046875 0.063889
1 0.991146 0.698611 0.017708 0.15463
