2 0.272135 0.679167 0.044271 0.047222
2 0.298438 0.675 0.027083 0.038889
2 0.327604 0.668519 0.040625 0.061111
2 0.363542 0.670833 0.03125 0.041667
2 0.377865 0.666667 0.025521 0.037037
2 0.415104 0.666204 0.019792 0.021296
3 0.476823 0.651852 0.010937 0.016667
2 0.466927 0.660185 0.007812 0.012963
1 0.621615 0.672222 0.013021 0.044444
2 0.735417 0.656944 0.060417 0.047222
2 0.778125 0.656944 0.071875 0.056481
2 0.832812 0.652778 0.089583 0.064815
2 0.901823 0.647222 0.088021 0.057407
2 0.941927 0.641204 0.076563 0.050926
