3 0.122135 0.571759 0.243229 0.263889
2 0.332031 0.556944 0.019271 0.037963
2 0.340365 0.585185 0.028646 0.048148
4 0.392708 0.541667 0.025 0.031481
2 0.822396 0.838426 0.355208 0.323148
2 0.634375 0.737037 0.183333 0.198148
2 0.576823 0.67963 0.119271 0.133333
2 0.516927 0.634259 0.081771 0.12037
2 0.48099 0.618056 0.041146 0.065741
2 0.471615 0.611111 0.035937 0.055556
2 0.464844 0.598611 0.033854 0.05463
2 0.450781 0.596296 0.032813 0.048148
2 0.428125 0.563426 0.013542 0.021296
2 0.417187 0.552315 0.010417 0.012037
