0 0.024219 0.650463 0.021354 0.086111
2 0.052344 0.748148 0.104688 0.285185
2 0.089063 0.643056 0.052083 0.037963
2 0.111198 0.638426 0.058854 0.041667
2 0.409115 0.694444 0.160938 0.237037
2 0.515365 0.653704 0.079687 0.12963
1 0.62474 0.661111 0.021354 0.092593
2 0.620833 0.651389 0.059375 0.071296
0 0.661979 0.646759 0.016667 0.082407
0 0.665885 0.651389 0.016146 0.071296
0 0.685677 0.641667 0.010937 0.059259
1 0.730208 0.673148 0.036458 0.133333
0 0.845052 0.606019 0.008854 0.050926
0 0.885156 0.603704 0.010937 0.051852
