2 0.139583 0.618981 0.076042 0.049074
2 0.174479 0.615741 0.051042 0.044444
2 0.432552 0.6125 0.018229 0.025
2 0.457813 0.60787 0.011458 0.015741
2 0.472656 0.608333 0.014063 0.02037
2 0.491146 0.614815 0.015625 0.024074
2 0.511458 0.617593 0.026042 0.042593
2 0.545573 0.631481 0.061979 0.083333
2 0.483594 0.610648 0.011979 0.019444
2 0.889583 0.631019 0.123958 0.086111
2 0.822656 0.627778 0.100521 0.075926
1 0.68125 0.627315 0.017708 0.062037
2 0.722917 0.622222 0.067708 0.048148
1 0.752604 0.631019 0.016667 0.071296
2 0.794271 0.625463 0.083333 0.065741
