0 0.954167 0.759259 0.088542 0.477778
2 0.825781 0.744907 0.289062 0.284259
2 0.660677 0.712963 0.138021 0.166667
1 0.59375 0.735185 0.132292 0.364815
2 0.521354 0.693056 0.063542 0.076852
2 0.493229 0.67963 0.059375 0.074074
2 0.459115 0.678241 0.046354 0.060185
2 0.435937 0.670833 0.044792 0.058333
2 0.411719 0.667593 0.040104 0.053704
2 0.391927 0.65463 0.035937 0.064815
1 0.379948 0.668519 0.009896 0.048148
2 0.373177 0.661111 0.028646 0.042593
2 0.359635 0.661574 0.025521 0.039815
2 0.303125 0.672222 0.059375 0.092593
2 0.226302 0.645833 0.010937 0.015741
2 0.216406 0.649074 0.009896 0.016667
0 0.208854 0.671759 0.015625 0.093519
