0 0.101823 0.675926 0.023438 0.051852
0 0.108073 0.658333 0.009896 0.038889
0 0.153646 0.661111 0.009375 0.042593
0 0.140625 0.659259 0.010417 0.037037
0 0.13099 0.661111 0.006771 0.037037
2 0.261979 0.681944 0.098958 0.108333
2 0.193229 0.681944 0.075 0.087963
2 0.321094 0.678241 0.030729 0.04537
4 0.358594 0.651852 0.058854 0.101852
2 0.403385 0.669444 0.028646 0.037037
2 0.420833 0.663889 0.021875 0.031481
2 0.439844 0.656944 0.009896 0.017593
2 0.447656 0.653241 0.013021 0.028704
2 0.500781 0.7 0.113021 0.190741
0 0.664062 0.668981 0.009375 0.041667
2 0.772396 0.756481 0.221875 0.231481
