2 0.03125 0.729167 0.0625 0.136111
2 0.057552 0.682407 0.073438 0.088889
2 0.102865 0.709259 0.103646 0.098148
1 0.104427 0.724537 0.055729 0.15463
2 0.172656 0.7 0.060937 0.077778
2 0.228646 0.684259 0.059375 0.085185
1 0.241146 0.696296 0.033333 0.109259
2 0.266146 0.676852 0.027083 0.040741
4 0.314063 0.65 0.072917 0.133333
1 0.347135 0.697222 0.040104 0.098148
1 0.834896 0.731944 0.0875 0.260185
0 0.73776 0.666204 0.015104 0.082407
1 0.663542 0.686111 0.027083 0.101852
2 0.440625 0.670833 0.030208 0.034259
1 0.419531 0.67037 0.007812 0.037037
1 0.398438 0.669907 0.007292 0.036111
1 0.390885 0.669907 0.007812 0.034259
1 0.363542 0.668519 0.00625 0.024074
