1 0.727083 0.793056 0.03125 0.091667
4 0.740885 0.741204 0.102604 0.106481
4 0.651302 0.743981 0.064062 0.084259
1 0.489323 0.759722 0.007812 0.036111
4 0.473177 0.744444 0.032813 0.053704
4 0.432292 0.744907 0.027083 0.039815
2 0.413802 0.773148 0.053646 0.077778
0 0.368229 0.75 0.009375 0.042593
3 0.36224 0.725463 0.010937 0.025
2 0.338802 0.735185 0.011979 0.018519
2 0.319792 0.744444 0.017708 0.022222
2 0.301042 0.728704 0.015625 0.025926
4 0.278646 0.722685 0.03125 0.039815
2 0.222917 0.727778 0.032292 0.053704
2 0.140365 0.75 0.084896 0.096296
