3 0.16224 0.576389 0.095312 0.173148
2 0.234635 0.611574 0.039062 0.047222
2 0.252344 0.62963 0.057812 0.068519
2 0.298958 0.617593 0.04375 0.053704
3 0.326823 0.573148 0.040104 0.103704
3 0.45 0.62963 0.222917 0.509259
1 0.594531 0.618519 0.008854 0.038889
1 0.601562 0.621296 0.011458 0.038889
1 0.64375 0.625 0.014583 0.046296
1 0.730469 0.624074 0.023438 0.038889
1 0.726562 0.622222 0.025 0.040741
2 0.682813 0.730556 0.158333 0.177778
4 0.839844 0.601852 0.135937 0.092593
3 0.907552 0.597685 0.169271 0.112037
2 0.955729 0.642593 0.0875 0.066667
