0 0.092448 0.713426 0.018229 0.087963
0 0.115104 0.696759 0.01875 0.106481
0 0.098958 0.698611 0.015625 0.106481
2 0.164844 0.722222 0.123437 0.109259
0 0.351823 0.701852 0.008854 0.042593
0 0.29375 0.693981 0.009375 0.047222
2 0.457813 0.695833 0.0125 0.015741
2 0.478125 0.694444 0.009375 0.014815
2 0.514062 0.723148 0.066667 0.1
3 0.611979 0.690741 0.041667 0.083333
2 0.592708 0.708796 0.025 0.034259
3 0.664583 0.674074 0.080208 0.166667
2 0.68776 0.722685 0.072396 0.10463
2 0.824219 0.750463 0.167187 0.184259
2 0.914323 0.774074 0.171354 0.309259
