1 0.047396 0.640278 0.016667 0.047222
1 0.116146 0.640278 0.0125 0.04537
1 0.096615 0.642593 0.011979 0.037037
1 0.17474 0.650926 0.018229 0.057407
2 0.351562 0.674074 0.089583 0.12037
2 0.410156 0.664352 0.049479 0.073148
2 0.43099 0.660185 0.029687 0.05
3 0.450521 0.630556 0.029167 0.075926
3 0.477344 0.6375 0.020313 0.052778
2 0.498437 0.668519 0.054167 0.088889
1 0.59974 0.674074 0.019271 0.059259
1 0.583594 0.669444 0.016146 0.055556
2 0.607552 0.666667 0.046354 0.044444
1 0.702083 0.690741 0.01875 0.074074
1 0.725521 0.697685 0.033333 0.100926
1 0.836979 0.710185 0.04375 0.15
