1 0.822917 0.729167 0.155208 0.262037
3 0.956771 0.652315 0.085417 0.217593
0 0.648177 0.683796 0.020313 0.106481
0 0.523177 0.718056 0.080729 0.321296
0 0.530469 0.743519 0.061979 0.251852
0 0.454948 0.706944 0.069271 0.263889
0 0.576302 0.674537 0.018229 0.097222
0 0.592969 0.670833 0.020313 0.113889
0 0.486719 0.688426 0.016146 0.075
2 0.62474 0.659722 0.025521 0.062037
2 0.614323 0.662963 0.027604 0.051852
2 0.667969 0.667593 0.035937 0.061111
0 0.695052 0.676389 0.018229 0.093519
3 0.722396 0.688426 0.0125 0.069444
3 0.715625 0.674074 0.014583 0.088889
0 0.903906 0.685648 0.015104 0.099074
0 0.894531 0.687037 0.018229 0.098148
2 0.316667 0.689352 0.34375 0.249074
0 0.17474 0.672222 0.033854 0.153704
0 0.186979 0.675926 0.021875 0.101852
0 0.209896 0.680093 0.01875 0.084259
0 0.21875 0.6625 0.015625 0.086111
2 0.301563 0.660185 0.033333 0.068519
2 0.356771 0.651852 0.034375 0.059259
2 0.391146 0.656944 0.030208 0.043519
0 0.125521 0.71713 0.088542 0.289815
0 0.14349 0.727778 0.060937 0.25
0 0.080729 0.700463 0.032292 0.19537
0 0.058333 0.728704 0.032292 0.151852
0 0.059115 0.69213 0.032813 0.176852
0 0.034115 0.696296 0.032813 0.174074
0 0.008854 0.719444 0.016667 0.135185
0 0.775781 0.731481 0.061979 0.187037
