2 0.314323 0.643056 0.160938 0.089815
2 0.190885 0.627778 0.129688 0.096296
0 0.105469 0.628241 0.014063 0.065741
2 0.034115 0.636111 0.068229 0.075926
1 0.359896 0.626852 0.011458 0.048148
2 0.402083 0.622222 0.032292 0.046296
3 0.414323 0.610648 0.028646 0.060185
1 0.442969 0.627778 0.022396 0.044444
2 0.448698 0.621296 0.020313 0.048148
2 0.46276 0.624074 0.017188 0.035185
2 0.469792 0.628704 0.014583 0.037037
2 0.507552 0.623611 0.031771 0.056481
2 0.576823 0.652778 0.155729 0.118519
2 0.701823 0.651389 0.122396 0.076852
2 0.686198 0.639815 0.081771 0.066667
4 0.970313 0.639352 0.059375 0.143519
3 0.957031 0.618519 0.085938 0.166667
3 0.86849 0.62037 0.168229 0.155556
