2 0.413802 0.643981 0.191146 0.123148
2 0.199219 0.626852 0.148438 0.094444
3 0.126042 0.574537 0.251042 0.184259
2 0.033073 0.633796 0.065104 0.075
2 0.507812 0.621296 0.026042 0.053704
2 0.499479 0.626389 0.021875 0.034259
2 0.448437 0.621759 0.023958 0.052778
2 0.459896 0.624074 0.014583 0.038889
2 0.466146 0.625926 0.017708 0.02963
2 0.598177 0.643519 0.079687 0.064815
2 0.569792 0.631019 0.026042 0.056481
2 0.700781 0.654167 0.120313 0.065741
2 0.723958 0.617593 0.138542 0.12037
3 0.861719 0.622222 0.150521 0.142593
