4 0.2625 0.644907 0.225 0.232407
0 0.408073 0.670833 0.011979 0.052778
0 0.433073 0.675 0.009896 0.048148
0 0.479167 0.667593 0.007292 0.046296
2 0.52474 0.710185 0.107812 0.161111
1 0.575521 0.671759 0.013542 0.065741
2 0.619271 0.673611 0.03125 0.049074
0 0.653646 0.67963 0.0125 0.062963
4 0.653906 0.636574 0.022396 0.04537
2 0.683333 0.677315 0.038542 0.067593
2 0.715885 0.685185 0.069271 0.077778
0 0.755469 0.666667 0.016146 0.068519
0 0.782031 0.660648 0.013021 0.073148
0 0.789323 0.672685 0.010937 0.087963
0 0.805469 0.671759 0.014063 0.067593
2 0.976823 0.649074 0.046354 0.12037
0 0.094531 0.6875 0.016146 0.086111
