0 0.882812 0.689352 0.085417 0.186111
0 0.973177 0.909722 0.051562 0.176852
0 0.795573 0.673148 0.029687 0.133333
0 0.720313 0.656019 0.007292 0.047222
1 0.692969 0.658333 0.028646 0.048148
0 0.585938 0.649074 0.010417 0.046296
1 0.573698 0.649537 0.025521 0.04537
1 0.522917 0.651852 0.028125 0.048148
1 0.445312 0.647685 0.020833 0.041667
0 0.309896 0.636574 0.008333 0.039815
0 0.302344 0.630556 0.007812 0.037037
0 0.285677 0.634259 0.008854 0.048148
0 0.19375 0.63287 0.010417 0.04537
2 0.188542 0.634722 0.069792 0.039815
0 0.115104 0.635648 0.00625 0.041667
2 0.119792 0.626852 0.060417 0.05
2 0.025521 0.625 0.05 0.040741
