1 0.140625 0.676852 0.0125 0.044444
2 0.197656 0.686574 0.089063 0.123148
1 0.249479 0.683796 0.011458 0.032407
2 0.278125 0.67963 0.032292 0.044444
2 0.305469 0.681019 0.023438 0.034259
2 0.33125 0.676852 0.030208 0.048148
2 0.346875 0.676852 0.021875 0.044444
2 0.378385 0.681481 0.022396 0.037037
2 0.370833 0.681944 0.027083 0.043519
3 0.417708 0.675926 0.026042 0.059259
2 0.43125 0.684259 0.010417 0.016667
2 0.403385 0.6875 0.032813 0.04537
2 0.454427 0.689815 0.024479 0.040741
1 0.47474 0.6875 0.005729 0.023148
1 0.505469 0.698611 0.007812 0.032407
1 0.535677 0.697222 0.018229 0.033333
1 0.594531 0.698148 0.025521 0.088889
