2 0.052604 0.665741 0.104167 0.098148
2 0.2125 0.663889 0.148958 0.159259
4 0.229427 0.623611 0.107812 0.126852
4 0.294531 0.615278 0.060937 0.087963
2 0.366667 0.673611 0.119792 0.136111
2 0.426823 0.647222 0.043229 0.062963
2 0.460417 0.637963 0.027083 0.040741
2 0.516146 0.641204 0.039583 0.062037
4 0.51276 0.623611 0.034896 0.087963
1 0.613542 0.752315 0.159375 0.491667
2 0.876563 0.784259 0.24375 0.375926
2 0.555208 0.634259 0.01875 0.025926
0 0.10026 0.64537 0.014063 0.088889
0 0.116146 0.649537 0.013542 0.087963
2 0.661198 0.662963 0.060937 0.07037
1 0.740625 0.665278 0.016667 0.049074
