0 0.979427 0.750463 0.034896 0.162037
2 0.822656 0.731944 0.142187 0.141667
2 0.723698 0.701389 0.088021 0.106481
3 0.691927 0.656481 0.091146 0.151852
2 0.648958 0.687037 0.041667 0.068519
2 0.598437 0.693056 0.059375 0.082407
2 0.578385 0.684259 0.034896 0.064815
2 0.547135 0.664815 0.014063 0.027778
2 0.521094 0.668519 0.025521 0.027778
2 0.467708 0.667593 0.041667 0.031481
2 0.4375 0.665278 0.058333 0.037963
2 0.379688 0.671759 0.058333 0.097222
0 0.317708 0.661574 0.016667 0.060185
0 0.228646 0.650926 0.005208 0.031481
1 0.213542 0.651852 0.0125 0.031481
2 0.025521 0.631944 0.05 0.106481
