2 0.095052 0.814352 0.190104 0.367593
0 0.051302 0.62037 0.007812 0.038889
0 0.100521 0.626852 0.007292 0.038889
1 0.121094 0.634722 0.010937 0.036111
2 0.165625 0.679167 0.103125 0.106481
3 0.242188 0.615278 0.096875 0.162037
3 0.184375 0.623611 0.077083 0.176852
2 0.289323 0.645833 0.043229 0.058333
2 0.30599 0.621296 0.023438 0.02963
2 0.332031 0.623611 0.024479 0.032407
2 0.332031 0.675 0.072396 0.103704
3 0.454167 0.560185 0.220833 0.524074
1 0.579167 0.615278 0.008333 0.028704
1 0.563281 0.614815 0.009896 0.035185
3 0.674219 0.605093 0.059896 0.043519
2 0.79401 0.609259 0.054688 0.031481
2 0.679948 0.606944 0.042188 0.036111
