2 0.053385 0.659259 0.046354 0.027778
3 0.05599 0.643981 0.059896 0.047222
2 0.084115 0.650926 0.040104 0.024074
2 0.339583 0.636574 0.028125 0.034259
2 0.458333 0.627778 0.030208 0.031481
2 0.489844 0.648611 0.027604 0.043519
2 0.522396 0.631944 0.021875 0.032407
2 0.5375 0.643056 0.029167 0.039815
2 0.588021 0.675926 0.061458 0.077778
2 0.688542 0.66713 0.08125 0.091667
2 0.83776 0.793981 0.289062 0.319444
2 0.557813 0.622222 0.021875 0.038889
2 0.640104 0.656944 0.05 0.063889
2 0.940885 0.686574 0.117188 0.143519
2 0.785937 0.662037 0.079167 0.090741
2 0.228385 0.639352 0.041146 0.021296
2 0.399219 0.627778 0.015104 0.018519
2 0.410156 0.625463 0.011979 0.017593
