0 0.782813 0.677315 0.016667 0.076852
1 0.48125 0.689352 0.007292 0.028704
1 0.470052 0.688426 0.005729 0.021296
2 0.458073 0.685648 0.007812 0.012037
2 0.45 0.6875 0.0125 0.017593
2 0.436979 0.686574 0.014583 0.023148
2 0.41875 0.687963 0.013542 0.018519
2 0.382292 0.690741 0.025 0.031481
2 0.336198 0.694444 0.036979 0.042593
2 0.29349 0.683796 0.059896 0.078704
1 0.210677 0.703241 0.033854 0.106481
0 0.160938 0.681944 0.013542 0.075
2 0.151823 0.685185 0.064062 0.062963
2 0.086979 0.68287 0.070833 0.076852
2 0.026823 0.678704 0.052604 0.088889
