0 0.84349 0.677315 0.018229 0.091667
1 0.708854 0.677778 0.022917 0.092593
2 0.585417 0.656019 0.054167 0.082407
2 0.56276 0.657407 0.038021 0.059259
2 0.554167 0.64537 0.0375 0.064815
2 0.541146 0.643056 0.03125 0.056481
2 0.504948 0.655093 0.040104 0.063889
3 0.447917 0.609722 0.05 0.123148
4 0.389583 0.623148 0.051042 0.072222
0 0.209115 0.638426 0.011979 0.060185
0 0.197396 0.6375 0.011458 0.058333
0 0.177083 0.638426 0.014583 0.060185
0 0.146354 0.64213 0.0125 0.067593
0 0.130729 0.646759 0.008333 0.052778
0 0.104167 0.638889 0.011458 0.074074
0 0.09375 0.639352 0.0125 0.078704
0 0.035156 0.639815 0.019271 0.094444
0 0.009896 0.643981 0.015625 0.084259
