1 0.129427 0.681944 0.048438 0.137963
3 0.303646 0.659722 0.104167 0.136111
2 0.382552 0.637963 0.060937 0.074074
2 0.402083 0.587963 0.028125 0.024074
3 0.420573 0.588426 0.019271 0.039815
2 0.458854 0.594907 0.015625 0.025
2 0.44401 0.602315 0.022396 0.032407
3 0.501302 0.6 0.063021 0.161111
2 0.542188 0.601852 0.020833 0.037037
2 0.553646 0.609259 0.025 0.037037
2 0.559635 0.613889 0.022396 0.038889
2 0.56901 0.616667 0.027604 0.046296
2 0.58724 0.624074 0.035937 0.053704
3 0.65026 0.649074 0.108854 0.15
