4 0.50651 0.599074 0.110937 0.214815
2 0.446094 0.557407 0.008854 0.014815
2 0.442448 0.586574 0.020313 0.034259
2 0.432812 0.593981 0.030208 0.043519
3 0.420052 0.554167 0.013021 0.015741
3 0.415104 0.551852 0.014583 0.022222
2 0.414844 0.564352 0.010937 0.017593
2 0.403906 0.564815 0.014063 0.02037
2 0.393229 0.563889 0.013542 0.02037
2 0.408073 0.57963 0.023438 0.031481
2 0.378125 0.573148 0.017708 0.024074
3 0.370312 0.552778 0.022917 0.046296
2 0.353125 0.568519 0.027083 0.042593
2 0.334115 0.571759 0.021354 0.030556
1 0.321354 0.56713 0.007292 0.023148
1 0.314583 0.564352 0.008333 0.017593
1 0.310677 0.568519 0.006771 0.024074
2 0.290885 0.582407 0.030729 0.033333
1 0.275521 0.576852 0.009375 0.027778
2 0.313802 0.632407 0.076563 0.090741
4 0.225 0.568056 0.094792 0.10463
1 0.117188 0.596296 0.017708 0.051852
