2 0.971615 0.631019 0.051562 0.141667
2 0.926042 0.633796 0.104167 0.125
2 0.860938 0.639815 0.128125 0.103704
2 0.814844 0.630556 0.084896 0.1
1 0.517448 0.631019 0.014063 0.047222
2 0.460938 0.633333 0.054167 0.087037
2 0.425 0.605556 0.0125 0.027778
2 0.415625 0.619444 0.019792 0.035185
2 0.39974 0.618519 0.034896 0.051852
2 0.361979 0.626852 0.05625 0.075926
1 0.179688 0.63287 0.047917 0.134259
1 0.126042 0.624537 0.05 0.126852
2 0.15625 0.590278 0.0875 0.080556
2 0.076823 0.585648 0.092188 0.086111
1 0.032031 0.631481 0.060937 0.205556
