2 0.067708 0.8625 0.135417 0.273148
2 0.027604 0.660648 0.055208 0.086111
2 0.134375 0.639815 0.035417 0.035185
2 0.165625 0.643056 0.048958 0.037963
2 0.167969 0.625926 0.043229 0.042593
3 0.219531 0.616204 0.057812 0.078704
3 0.276562 0.60787 0.040625 0.065741
2 0.313281 0.608796 0.029687 0.037963
2 0.353385 0.664815 0.061979 0.087037
2 0.447396 0.711574 0.104167 0.175
2 0.443229 0.623148 0.033333 0.081481
2 0.464844 0.6125 0.017188 0.026852
3 0.475521 0.596759 0.010417 0.028704
3 0.492969 0.590741 0.018229 0.046296
3 0.530208 0.618519 0.039583 0.07037
