3 0.861198 0.456944 0.277604 0.913889
2 0.61901 0.638889 0.046354 0.064815
2 0.522917 0.695833 0.155208 0.226852
2 0.060156 0.667593 0.120313 0.124074
2 0.215625 0.696296 0.236458 0.296296
2 0.303385 0.662963 0.081771 0.155556
2 0.391927 0.625926 0.025521 0.035185
2 0.364063 0.622222 0.017708 0.024074
2 0.409375 0.617593 0.01875 0.033333
2 0.423698 0.615278 0.016146 0.026852
2 0.31849 0.637963 0.063021 0.12037
2 0.378646 0.62037 0.017708 0.027778
1 0.657292 0.628704 0.007292 0.031481
3 0.43125 0.596759 0.019792 0.043519
