0 0.829688 0.683333 0.019792 0.07963
0 0.675 0.662963 0.013542 0.05
1 0.632812 0.662963 0.010417 0.044444
2 0.511719 0.640741 0.013021 0.018519
1 0.463542 0.693519 0.072917 0.140741
2 0.420052 0.62963 0.014063 0.031481
3 0.405469 0.630556 0.018229 0.040741
2 0.397917 0.633333 0.01875 0.037037
2 0.392969 0.640278 0.016146 0.023148
2 0.376042 0.64537 0.017708 0.031481
2 0.363281 0.644444 0.020313 0.037037
2 0.352083 0.645833 0.025 0.043519
2 0.327865 0.651389 0.039062 0.043519
2 0.296875 0.643519 0.029167 0.05
2 0.272656 0.650463 0.040104 0.041667
2 0.252865 0.647685 0.039062 0.039815
