0 0.96901 0.613426 0.010937 0.073148
0 0.958594 0.614815 0.011979 0.068519
1 0.91849 0.634722 0.044271 0.071296
0 0.661979 0.624537 0.011458 0.071296
0 0.657292 0.619907 0.0125 0.082407
0 0.645052 0.622685 0.014063 0.075
1 0.632552 0.643519 0.029687 0.109259
0 0.622656 0.612963 0.013021 0.064815
1 0.553906 0.631944 0.034896 0.058333
2 0.445573 0.623148 0.016146 0.027778
4 0.486458 0.612037 0.019792 0.038889
2 0.43125 0.62037 0.008333 0.012963
2 0.420052 0.62037 0.013021 0.024074
2 0.401302 0.619444 0.009896 0.018519
2 0.411979 0.619444 0.007292 0.011111
2 0.383073 0.62037 0.009896 0.016667
2 0.390885 0.621759 0.013021 0.017593
2 0.364844 0.622222 0.016146 0.024074
3 0.349479 0.62037 0.029167 0.046296
2 0.257031 0.631944 0.040104 0.043519
4 0.121354 0.500463 0.24375 0.571296
