2 0.407812 0.620833 0.009375 0.013889
3 0.41901 0.614352 0.016146 0.039815
2 0.386458 0.621296 0.013542 0.018519
2 0.361719 0.625 0.011979 0.016667
2 0.348698 0.625463 0.016146 0.028704
2 0.334375 0.62963 0.021875 0.031481
2 0.299479 0.629167 0.052083 0.04537
2 0.027604 0.636111 0.055208 0.059259
2 0.110937 0.630556 0.048958 0.035185
2 0.376823 0.622222 0.008854 0.014815
2 0.443229 0.626852 0.019792 0.02963
2 0.490104 0.64537 0.05 0.074074
2 0.696875 0.666667 0.103125 0.101852
1 0.607292 0.634722 0.014583 0.047222
0 0.991146 0.664815 0.016667 0.092593
