0 0.015625 0.664815 0.03125 0.105556
1 0.128646 0.706944 0.069792 0.15463
2 0.226823 0.64537 0.076563 0.061111
2 0.201823 0.638889 0.057812 0.075926
2 0.247917 0.631019 0.046875 0.056481
0 0.372656 0.626389 0.009896 0.05463
2 0.405469 0.618519 0.023438 0.042593
2 0.418229 0.614815 0.016667 0.035185
3 0.459635 0.602778 0.022396 0.055556
2 0.447135 0.624074 0.024479 0.037037
2 0.482031 0.643981 0.048438 0.065741
2 0.472917 0.696296 0.084375 0.125926
1 0.519792 0.628704 0.0125 0.046296
2 0.497396 0.600926 0.010417 0.018519
4 0.486719 0.591667 0.008854 0.018519
2 0.479427 0.600463 0.010937 0.017593
2 0.570833 0.603241 0.033333 0.026852
2 0.584115 0.606944 0.035937 0.025
2 0.606771 0.60787 0.042708 0.036111
3 0.644271 0.595833 0.0625 0.102778
2 0.884375 0.62037 0.136458 0.088889
0 0.942708 0.707407 0.046875 0.161111
2 0.978646 0.686574 0.042708 0.150926
