2 0.234115 0.637037 0.061979 0.042593
2 0.296354 0.638426 0.052083 0.037963
2 0.338021 0.641667 0.058333 0.040741
4 0.365885 0.623148 0.045312 0.061111
4 0.407552 0.624537 0.025521 0.049074
4 0.478646 0.620833 0.080208 0.099074
2 0.514323 0.674537 0.098437 0.165741
1 0.48125 0.736574 0.082292 0.356481
2 0.576042 0.653241 0.042708 0.069444
2 0.594531 0.66713 0.055729 0.076852
2 0.640885 0.670833 0.086979 0.126852
2 0.697135 0.654167 0.052604 0.037963
2 0.794271 0.659722 0.064583 0.036111
1 0.121094 0.641204 0.013021 0.047222
0 0.136719 0.644444 0.016146 0.057407
0 0.15 0.643056 0.0125 0.049074
1 0.161719 0.643981 0.011979 0.047222
