2 0.967187 0.643056 0.065625 0.091667
2 0.941667 0.634722 0.110417 0.091667
1 0.886979 0.64213 0.040625 0.112037
1 0.865365 0.642593 0.034896 0.105556
2 0.850781 0.630093 0.102604 0.076852
2 0.81224 0.627778 0.093229 0.068519
2 0.659896 0.611111 0.058333 0.042593
2 0.645573 0.615278 0.040104 0.037963
2 0.635677 0.614815 0.035937 0.037037
2 0.598698 0.616204 0.033854 0.023148
1 0.6 0.622685 0.011458 0.049074
2 0.542969 0.644907 0.080729 0.112037
2 0.503385 0.618056 0.026562 0.039815
2 0.469792 0.623148 0.033333 0.046296
2 0.114583 0.613889 0.044792 0.053704
