2 0.027083 0.673148 0.055208 0.064815
1 0.073698 0.675926 0.029687 0.046296
2 0.145313 0.672685 0.109375 0.069444
1 0.207031 0.677778 0.014063 0.038889
1 0.229167 0.676389 0.013542 0.041667
1 0.263281 0.676389 0.014063 0.034259
2 0.357552 0.672685 0.025521 0.034259
2 0.369792 0.674537 0.016667 0.032407
3 0.396354 0.65787 0.03125 0.065741
2 0.430729 0.672222 0.023958 0.037037
2 0.585156 0.676852 0.107812 0.064815
1 0.646354 0.680093 0.020833 0.036111
2 0.704167 0.671759 0.08125 0.062037
2 0.726562 0.686111 0.094792 0.051852
3 0.852344 0.630556 0.295312 0.187037
1 0.990625 0.703704 0.019792 0.092593
