0 0.124219 0.67963 0.011979 0.053704
0 0.116406 0.67963 0.009896 0.044444
3 0.246615 0.614815 0.222396 0.316667
4 0.357031 0.653704 0.039062 0.068519
2 0.419792 0.67037 0.033333 0.044444
2 0.434375 0.66713 0.023958 0.034259
2 0.451823 0.662037 0.016146 0.02037
3 0.480208 0.657407 0.016667 0.02963
0 0.508073 0.665278 0.010937 0.047222
1 0.622656 0.675 0.026562 0.081481
2 0.635156 0.666204 0.080729 0.056481
2 0.695833 0.655556 0.072917 0.05
2 0.716667 0.643519 0.034375 0.031481
2 0.761458 0.643981 0.046875 0.032407
2 0.811458 0.657407 0.110417 0.118519
2 0.865885 0.637963 0.048438 0.040741
0 0.91224 0.644444 0.010937 0.040741
0 0.982292 0.644907 0.023958 0.139815
0 0.972135 0.646759 0.018229 0.134259
