2 0.108073 0.681944 0.174479 0.147222
4 0.252865 0.625926 0.109896 0.12037
2 0.298958 0.644907 0.066667 0.091667
4 0.304427 0.472685 0.101562 0.082407
4 0.220312 0.483333 0.092708 0.064815
2 0.14974 0.493519 0.045312 0.040741
2 0.352344 0.657407 0.036979 0.048148
2 0.378906 0.658333 0.029687 0.042593
2 0.407552 0.65463 0.031771 0.031481
2 0.436458 0.651852 0.021875 0.025926
2 0.458073 0.652778 0.021354 0.025926
4 0.457031 0.636111 0.035937 0.044444
2 0.486719 0.650463 0.016146 0.021296
2 0.495833 0.64537 0.011458 0.016667
2 0.59974 0.668981 0.029687 0.039815
2 0.578385 0.6625 0.019271 0.030556
2 0.659635 0.678704 0.059896 0.053704
2 0.639062 0.66713 0.030208 0.039815
2 0.620313 0.652315 0.011458 0.015741
2 0.56849 0.658333 0.015104 0.02037
4 0.930729 0.440278 0.138542 0.119444
2 0.842969 0.49213 0.061979 0.05463
3 0.433333 0.501852 0.122917 0.059259
2 0.589323 0.5 0.054688 0.042593
2 0.023958 0.635185 0.048958 0.044444
