2 0.027865 0.687037 0.054688 0.148148
0 0.230729 0.658333 0.022917 0.114815
2 0.317448 0.690741 0.239062 0.124074
1 0.313542 0.699537 0.090625 0.19537
0 0.252344 0.670833 0.022396 0.10463
1 0.475 0.689352 0.063542 0.097222
0 0.436979 0.665278 0.019792 0.099074
0 0.457813 0.67037 0.020833 0.105556
1 0.525 0.686574 0.040625 0.091667
2 0.622917 0.691667 0.147917 0.101852
1 0.721354 0.681481 0.021875 0.057407
2 0.772396 0.687963 0.06875 0.075926
2 0.809375 0.69213 0.101042 0.100926
4 0.843229 0.642593 0.09375 0.133333
2 0.873177 0.680556 0.071354 0.088889
2 0.947656 0.684259 0.099479 0.12037
