2 0.51276 0.668981 0.017188 0.032407
0 0.586719 0.665278 0.008854 0.052778
2 0.469792 0.711111 0.10625 0.157407
2 0.421094 0.661574 0.020313 0.028704
2 0.408073 0.66713 0.015104 0.026852
2 0.397135 0.671296 0.022396 0.027778
3 0.351302 0.672222 0.036979 0.057407
2 0.334635 0.671759 0.033854 0.065741
2 0.309115 0.671759 0.042188 0.084259
0 0.332552 0.694444 0.022396 0.118519
2 0.272135 0.678704 0.073438 0.092593
2 0.178385 0.692593 0.118229 0.138889
0 0.091927 0.666667 0.015104 0.098148
1 0.065625 0.666667 0.034375 0.087037
