0 0.96875 0.639815 0.025 0.133333
2 0.829948 0.687037 0.222396 0.225926
1 0.790625 0.721759 0.126042 0.402778
2 0.71901 0.663889 0.139063 0.148148
2 0.675781 0.639352 0.119271 0.100926
1 0.567187 0.682407 0.066667 0.242593
1 0.530469 0.629167 0.016146 0.071296
2 0.523177 0.617593 0.020313 0.040741
2 0.502083 0.618519 0.015625 0.02037
2 0.491927 0.615741 0.010937 0.02037
2 0.448177 0.615741 0.010937 0.018519
2 0.440625 0.614815 0.013542 0.022222
2 0.388021 0.618519 0.017708 0.024074
2 0.304688 0.648611 0.102083 0.130556
2 0.117969 0.749537 0.230729 0.469444
