0 0.110937 0.620833 0.0125 0.058333
1 0.161198 0.636111 0.021354 0.062963
2 0.27526 0.635648 0.068229 0.078704
2 0.354167 0.597222 0.034375 0.046296
3 0.408594 0.562963 0.045312 0.109259
2 0.463542 0.588889 0.058333 0.12963
2 0.560677 0.621759 0.056771 0.078704
2 0.54375 0.600463 0.038542 0.073148
2 0.534635 0.593519 0.042188 0.07037
4 0.517448 0.565741 0.035937 0.077778
0 0.871615 0.651389 0.038021 0.158333
2 0.797656 0.590278 0.092188 0.069444
2 0.744792 0.580556 0.071875 0.059259
3 0.051562 0.691204 0.103125 0.252778
3 0.957812 0.593056 0.084375 0.121296
2 0.914844 0.594444 0.096354 0.103704
3 0.475781 0.54213 0.034896 0.082407
0 0.941146 0.607407 0.022917 0.122222
