0 0.953125 0.623148 0.036458 0.194444
0 0.915885 0.67037 0.038021 0.201852
0 0.870573 0.652315 0.052604 0.223148
0 0.792708 0.703704 0.046875 0.222222
0 0.782292 0.631944 0.030208 0.119444
0 0.714844 0.655093 0.028646 0.130556
0 0.690365 0.652315 0.019271 0.130556
1 0.597917 0.693519 0.059375 0.235185
1 0.545573 0.670833 0.035937 0.167593
1 0.532813 0.650926 0.030208 0.125926
1 0.490885 0.626389 0.013021 0.047222
2 0.461979 0.629167 0.036458 0.050926
0 0.236719 0.615741 0.015104 0.081481
2 0.225781 0.620833 0.101562 0.082407
