2 0.258594 0.672685 0.048438 0.04537
2 0.28099 0.671759 0.054688 0.062037
2 0.320573 0.671759 0.028646 0.030556
2 0.336719 0.671296 0.031771 0.038889
4 0.352344 0.653704 0.035937 0.057407
4 0.40026 0.656019 0.019271 0.041667
2 0.427344 0.671759 0.027604 0.039815
2 0.455208 0.679167 0.038542 0.05463
1 0.60026 0.680093 0.016146 0.063889
1 0.648438 0.688426 0.029167 0.087963
2 0.734896 0.676389 0.069792 0.071296
2 0.834115 0.677778 0.103646 0.105556
0 0.930469 0.637963 0.020313 0.092593
2 0.942969 0.693519 0.114062 0.118519
