1 0.375781 0.68287 0.033854 0.078704
1 0.477604 0.684722 0.021875 0.065741
1 0.51276 0.680556 0.017188 0.068519
1 0.58151 0.678704 0.013021 0.053704
1 0.605208 0.684259 0.013542 0.051852
1 0.651563 0.68287 0.009375 0.043519
2 0.696094 0.673611 0.072396 0.102778
4 0.848958 0.674537 0.0125 0.025
2 0.816927 0.681481 0.022396 0.035185
2 0.794792 0.684722 0.025 0.037963
2 0.776302 0.686111 0.038021 0.053704
4 0.876042 0.67037 0.041667 0.064815
2 0.909375 0.701389 0.047917 0.065741
2 0.942187 0.818519 0.114583 0.355556
