4 0.2 0.603704 0.085417 0.105556
2 0.254688 0.616204 0.029167 0.049074
2 0.28724 0.621759 0.018229 0.023148
2 0.338802 0.637963 0.064062 0.112963
2 0.371354 0.62963 0.036458 0.053704
2 0.403646 0.610185 0.014583 0.02963
2 0.411458 0.618981 0.019792 0.028704
2 0.431771 0.613889 0.022917 0.053704
3 0.447656 0.600926 0.009896 0.022222
3 0.451042 0.596759 0.010417 0.028704
3 0.486198 0.59213 0.039062 0.093519
2 0.525521 0.619907 0.023958 0.030556
2 0.535677 0.626389 0.028646 0.032407
2 0.564844 0.626389 0.038021 0.049074
