2 0.066406 0.716204 0.118229 0.149074
2 0.14974 0.695833 0.092188 0.117593
2 0.207031 0.6875 0.074479 0.100926
2 0.251563 0.689352 0.055208 0.075
2 0.278646 0.687037 0.04375 0.066667
2 0.308333 0.683796 0.039583 0.05463
2 0.37526 0.685185 0.040104 0.042593
2 0.429167 0.677315 0.021875 0.032407
2 0.45599 0.681944 0.032813 0.041667
2 0.484635 0.680556 0.042188 0.072222
1 0.532813 0.693981 0.027083 0.099074
1 0.573438 0.696759 0.022917 0.100926
2 0.615365 0.694444 0.061979 0.072222
2 0.7 0.701852 0.083333 0.107407
2 0.879948 0.781944 0.240104 0.243519
