0 0.210677 0.656481 0.009896 0.053704
1 0.228125 0.658333 0.021875 0.057407
2 0.282292 0.656944 0.103125 0.130556
1 0.348698 0.645833 0.009896 0.036111
4 0.428125 0.627778 0.038542 0.059259
2 0.467187 0.64213 0.015625 0.021296
2 0.453385 0.640741 0.013021 0.018519
2 0.4875 0.64213 0.014583 0.023148
2 0.520573 0.669907 0.070312 0.112037
2 0.550781 0.649537 0.026562 0.043519
2 0.600521 0.656944 0.061458 0.086111
1 0.703385 0.668056 0.018229 0.071296
1 0.726823 0.675926 0.021354 0.088889
0 0.68724 0.661111 0.009896 0.051852
1 0.827865 0.689352 0.031771 0.102778
1 0.972135 0.719907 0.053646 0.200926
0 0.942969 0.693519 0.019271 0.114815
