2 0.088802 0.903704 0.177604 0.192593
2 0.02474 0.649074 0.049479 0.042593
2 0.091146 0.6375 0.053125 0.032407
2 0.13776 0.639352 0.057812 0.036111
1 0.178646 0.656481 0.032292 0.046296
2 0.198698 0.635648 0.061979 0.034259
2 0.26875 0.626389 0.054167 0.041667
2 0.323698 0.618981 0.054688 0.034259
2 0.395833 0.658796 0.041667 0.069444
2 0.369792 0.683333 0.075 0.112963
2 0.41224 0.601852 0.052604 0.038889
2 0.45 0.595833 0.034375 0.023148
4 0.521615 0.579167 0.097396 0.056481
2 0.490104 0.605556 0.051042 0.033333
2 0.54401 0.600926 0.054688 0.042593
2 0.479167 0.668981 0.055208 0.084259
2 0.591146 0.5875 0.041667 0.032407
1 0.574219 0.611111 0.028646 0.044444
1 0.621354 0.612037 0.030208 0.040741
2 0.691927 0.585185 0.056771 0.05
2 0.660156 0.5875 0.038021 0.034259
2 0.982812 0.635185 0.034375 0.085185
2 0.961458 0.629167 0.077083 0.080556
2 0.910417 0.62037 0.114583 0.087037
2 0.975521 0.58287 0.047917 0.037963
2 0.863021 0.623148 0.08125 0.062963
