2 0.24974 0.633796 0.109896 0.078704
2 0.277344 0.623611 0.102604 0.087963
2 0.90026 0.70463 0.199479 0.485185
2 0.749219 0.735648 0.189062 0.213889
2 0.648698 0.661574 0.083854 0.050926
2 0.457813 0.645833 0.085417 0.05463
2 0.483594 0.649537 0.066146 0.037963
2 0.409115 0.629167 0.024479 0.039815
1 0.445833 0.63287 0.020833 0.043519
2 0.549479 0.646296 0.01875 0.022222
1 0.592708 0.65 0.01875 0.037037
1 0.62474 0.643981 0.016146 0.036111
4 0.498437 0.636111 0.021875 0.051852
2 0.044271 0.5875 0.088542 0.186111
