0 0.715104 0.651852 0.014583 0.066667
1 0.672135 0.662963 0.022396 0.087037
1 0.646875 0.660185 0.016667 0.074074
1 0.57526 0.641667 0.010937 0.05
1 0.498958 0.648148 0.009375 0.038889
1 0.485677 0.64537 0.007812 0.033333
1 0.479948 0.643519 0.007812 0.027778
2 0.446354 0.663889 0.059375 0.085185
2 0.426042 0.643519 0.03125 0.061111
2 0.406771 0.64537 0.019792 0.031481
3 0.352083 0.609259 0.0875 0.162963
2 0.295573 0.669444 0.098437 0.112963
2 0.263542 0.653241 0.06875 0.080556
2 0.228646 0.652315 0.041667 0.056481
2 0.161979 0.654167 0.114583 0.132407
2 0.059115 0.68287 0.118229 0.169444
