4 0.041146 0.607407 0.082292 0.2
0 0.12474 0.630556 0.014063 0.051852
0 0.102604 0.633333 0.0125 0.051852
2 0.189844 0.645833 0.069271 0.065741
2 0.241927 0.636111 0.048438 0.048148
3 0.302604 0.614815 0.05 0.068519
0 0.347396 0.625463 0.009375 0.063889
0 0.35651 0.627778 0.011979 0.044444
0 0.392969 0.638889 0.016146 0.037037
3 0.409896 0.596296 0.023958 0.042593
3 0.423958 0.605093 0.019792 0.036111
3 0.949219 0.602315 0.100521 0.230556
2 0.339323 0.619907 0.028646 0.032407
2 0.48125 0.612963 0.010417 0.011111
0 0.092708 0.632407 0.008333 0.05
