1 0.28125 0.708796 0.147917 0.260185
1 0.065625 0.636574 0.113542 0.223148
2 0.028125 0.620833 0.055208 0.184259
2 0.10625 0.610648 0.185417 0.189815
2 0.242448 0.636574 0.192188 0.137963
2 0.348177 0.620833 0.182812 0.160185
2 0.440104 0.644907 0.142708 0.102778
0 0.410677 0.610185 0.018229 0.090741
2 0.540365 0.6375 0.149479 0.117593
0 0.615625 0.65463 0.025 0.12037
2 0.602344 0.648148 0.117188 0.085185
2 0.650781 0.648148 0.107812 0.07963
1 0.742448 0.656481 0.035937 0.1
2 0.716667 0.652315 0.075 0.075
2 0.735677 0.650463 0.076563 0.069444
2 0.854167 0.653241 0.059375 0.056481
2 0.911458 0.649074 0.063542 0.044444
0 0.926302 0.648148 0.011979 0.055556
2 0.940885 0.645833 0.058854 0.047222
2 0.964062 0.647685 0.039583 0.039815
3 0.98776 0.637963 0.024479 0.044444
2 0.990625 0.649074 0.017708 0.031481
