3 0.964583 0.604167 0.069792 0.193519
2 0.932031 0.62963 0.046354 0.07037
2 0.91224 0.595833 0.046354 0.036111
3 0.68776 0.561111 0.351562 0.275926
2 0.63125 0.701389 0.260417 0.158333
3 0.084115 0.614352 0.145313 0.191667
3 0.163802 0.6125 0.076563 0.093519
2 0.219271 0.597222 0.029167 0.025926
2 0.390365 0.594444 0.020313 0.018519
2 0.360417 0.599537 0.017708 0.023148
2 0.321354 0.600926 0.021875 0.033333
2 0.336719 0.581944 0.010937 0.019444
3 0.350521 0.564352 0.011458 0.026852
2 0.285156 0.596759 0.014063 0.017593
2 0.271094 0.593519 0.013021 0.018519
1 0.245573 0.589352 0.007812 0.023148
3 0.289062 0.582407 0.0125 0.025926
