1 0.007812 0.666667 0.015625 0.077778
3 0.10599 0.638426 0.046354 0.041667
2 0.123958 0.638889 0.051042 0.027778
2 0.168229 0.63287 0.0375 0.028704
3 0.235417 0.618519 0.0375 0.02963
1 0.224479 0.653704 0.019792 0.05
2 0.304167 0.649074 0.048958 0.053704
4 0.340104 0.618056 0.075 0.097222
2 0.360677 0.643981 0.048438 0.058333
2 0.394271 0.632407 0.0375 0.057407
2 0.415885 0.635185 0.025521 0.037037
2 0.428385 0.625463 0.025521 0.043519
2 0.445833 0.623148 0.021875 0.037037
3 0.458594 0.612037 0.024479 0.048148
2 0.483854 0.618519 0.014583 0.018519
