2 0.953385 0.66713 0.092188 0.10463
0 0.73125 0.631481 0.020833 0.088889
3 0.58151 0.587037 0.050521 0.122222
1 0.549219 0.619444 0.011979 0.051852
3 0.542448 0.625926 0.017188 0.057407
3 0.492708 0.600463 0.089583 0.147222
2 0.454427 0.603704 0.021354 0.02963
2 0.425 0.602778 0.038542 0.072222
2 0.385677 0.638426 0.057812 0.075
2 0.361198 0.591204 0.010937 0.021296
1 0.342708 0.603241 0.007292 0.025
1 0.334115 0.604167 0.007812 0.023148
1 0.321094 0.603704 0.006771 0.025926
1 0.304948 0.606944 0.007812 0.026852
1 0.257552 0.612037 0.009896 0.037037
1 0.23776 0.616204 0.011979 0.039815
1 0.228385 0.616667 0.011979 0.040741
3 0.086979 0.608333 0.173958 0.214815
