2 0.906771 0.761574 0.183333 0.365741
2 0.777865 0.72963 0.178646 0.172222
2 0.678646 0.693981 0.110417 0.143519
1 0.595052 0.696296 0.079687 0.224074
2 0.574219 0.657407 0.068229 0.114815
2 0.542188 0.671759 0.039583 0.067593
2 0.52526 0.668981 0.036979 0.062037
1 0.486198 0.669444 0.014063 0.059259
2 0.485677 0.658333 0.029687 0.051852
2 0.469531 0.652778 0.019271 0.038889
2 0.460677 0.656019 0.017188 0.030556
2 0.409896 0.649074 0.011458 0.02037
2 0.39349 0.65 0.014063 0.022222
2 0.372656 0.651852 0.015104 0.022222
