5 0.096094 0.698148 0.148438 0.146296
2 0.177604 0.690278 0.088542 0.121296
2 0.234375 0.696296 0.053125 0.085185
1 0.271094 0.695833 0.023438 0.106481
2 0.288542 0.693056 0.0375 0.060185
2 0.315625 0.689352 0.039583 0.05463
2 0.373437 0.697222 0.0625 0.077778
2 0.488021 0.689352 0.036458 0.050926
4 0.58724 0.666204 0.089063 0.150926
0 0.417708 0.681019 0.009375 0.036111
1 0.527344 0.680093 0.007812 0.030556
4 0.675521 0.668056 0.091667 0.147222
4 0.80625 0.663889 0.217708 0.274074
4 0.932292 0.658796 0.136458 0.387963
