0 0.007812 0.614815 0.014583 0.090741
1 0.055469 0.622222 0.026562 0.07963
1 0.076563 0.623148 0.019792 0.087037
2 0.052083 0.623148 0.088542 0.057407
0 0.15026 0.626852 0.009896 0.051852
1 0.18776 0.628241 0.025521 0.073148
1 0.228646 0.627778 0.016667 0.062963
0 0.336458 0.631944 0.008333 0.039815
2 0.384896 0.630093 0.042708 0.056481
2 0.430469 0.638889 0.048438 0.064815
4 0.466927 0.624537 0.018229 0.032407
1 0.532552 0.64213 0.016146 0.062037
2 0.613542 0.649537 0.052083 0.067593
2 0.661458 0.673611 0.097917 0.112037
2 0.903906 0.665741 0.092188 0.057407
1 0.989062 0.672685 0.020833 0.049074
1 0.259375 0.631944 0.009375 0.041667
0 0.821354 0.659259 0.011458 0.042593
0 0.838281 0.661111 0.010937 0.040741
0 0.969271 0.675463 0.009375 0.043519
0 0.959635 0.673148 0.009896 0.044444
