0 0.044271 0.613889 0.020833 0.116667
0 0.066667 0.609259 0.028125 0.133333
0 0.174219 0.602778 0.019271 0.087037
0 0.29974 0.627778 0.014063 0.098148
1 0.375 0.690741 0.071875 0.242593
1 0.463281 0.723611 0.078646 0.349074
2 0.467448 0.660648 0.105729 0.15463
2 0.420312 0.626389 0.055208 0.102778
0 0.527865 0.634722 0.025521 0.115741
2 0.550521 0.62037 0.063542 0.051852
1 0.579948 0.671759 0.052604 0.176852
0 0.582552 0.651389 0.042188 0.128704
0 0.609115 0.634722 0.021354 0.117593
1 0.654687 0.711574 0.079167 0.347222
1 0.713281 0.722685 0.123437 0.541667
2 0.885677 0.653704 0.163021 0.137037
2 0.979948 0.651389 0.041146 0.191667
