0 0.11849 0.638889 0.010937 0.046296
0 0.145052 0.6375 0.014063 0.060185
0 0.161979 0.642593 0.016667 0.053704
1 0.227604 0.646759 0.016667 0.049074
2 0.275521 0.641667 0.063542 0.083333
3 0.316406 0.60463 0.079687 0.114815
2 0.344792 0.648148 0.046875 0.053704
2 0.379948 0.633333 0.038021 0.066667
2 0.407552 0.643056 0.023438 0.034259
2 0.438802 0.659259 0.056771 0.075926
2 0.554688 0.706944 0.171875 0.269444
1 0.634375 0.662963 0.017708 0.083333
2 0.676042 0.639815 0.042708 0.048148
2 0.702865 0.649537 0.039062 0.049074
2 0.74401 0.651389 0.038021 0.050926
0 0.851562 0.643056 0.008333 0.052778
0 0.86224 0.640741 0.008854 0.044444
2 0.875781 0.660648 0.036979 0.050926
2 0.929167 0.6625 0.042708 0.052778
2 0.976302 0.657407 0.034896 0.053704
2 0.977865 0.671759 0.044271 0.056481
