4 0.88776 0.531944 0.220312 0.925
0 0.753906 0.660185 0.011979 0.048148
2 0.683333 0.655093 0.017708 0.026852
2 0.638281 0.672685 0.085938 0.119444
2 0.588542 0.659259 0.042708 0.059259
4 0.55026 0.640278 0.033854 0.063889
2 0.513021 0.67037 0.053125 0.075926
3 0.507292 0.636574 0.021875 0.04537
2 0.288021 0.653704 0.05 0.046296
2 0.202344 0.656944 0.064062 0.037963
2 0.119792 0.661111 0.10625 0.053704
1 0.130729 0.672685 0.032292 0.076852
2 0.074219 0.655093 0.052604 0.037963
2 0.034896 0.65463 0.058333 0.040741
