0 0.945573 0.654167 0.022396 0.102778
0 0.964844 0.6625 0.025521 0.097222
0 0.797135 0.655556 0.016146 0.081481
2 0.569271 0.653704 0.053125 0.088889
2 0.52526 0.646759 0.030729 0.039815
2 0.34974 0.644907 0.042188 0.052778
4 0.348177 0.628704 0.027604 0.053704
2 0.398177 0.638889 0.023438 0.042593
2 0.438281 0.637963 0.018229 0.025926
2 0.464062 0.638426 0.021875 0.026852
2 0.486198 0.636574 0.013021 0.019444
2 0.473698 0.636574 0.014063 0.021296
4 0.433594 0.628241 0.022396 0.043519
2 0.409115 0.641204 0.015104 0.023148
4 0.451042 0.626852 0.022917 0.040741
2 0.417708 0.635185 0.009375 0.011111
0 0.181771 0.638889 0.010417 0.038889
0 0.253906 0.635648 0.009896 0.04537
2 0.751042 0.650463 0.05 0.041667
