2 0.01901 0.672685 0.038021 0.175
0 0.071875 0.608796 0.016667 0.09537
2 0.139063 0.633333 0.110417 0.111111
2 0.245833 0.65463 0.135417 0.157407
2 0.321354 0.616667 0.029167 0.035185
1 0.370833 0.616204 0.0125 0.041667
2 0.388281 0.610185 0.010937 0.02037
1 0.359635 0.6125 0.006771 0.028704
4 0.415365 0.603241 0.011979 0.028704
2 0.421615 0.612963 0.022396 0.02037
2 0.451302 0.614815 0.026562 0.016667
2 0.467187 0.615278 0.00625 0.023148
1 0.483073 0.61713 0.006771 0.032407
2 0.484635 0.615278 0.022396 0.023148
1 0.514062 0.631481 0.020833 0.077778
2 0.557292 0.613426 0.038542 0.026852
2 0.604167 0.611574 0.046875 0.043519
2 0.638542 0.644444 0.09375 0.114815
2 0.877865 0.675926 0.244271 0.257407
