0 0.319271 0.686111 0.011458 0.05
2 0.42526 0.683796 0.024479 0.034259
2 0.463542 0.679167 0.01875 0.025
2 0.501302 0.677778 0.009896 0.018519
2 0.491406 0.678704 0.009896 0.016667
2 0.523177 0.678704 0.015104 0.018519
2 0.533594 0.678241 0.013021 0.017593
2 0.548958 0.677315 0.01875 0.023148
1 0.550521 0.677778 0.008333 0.037037
2 0.56276 0.676389 0.010937 0.017593
2 0.571875 0.676389 0.011458 0.017593
2 0.590104 0.677315 0.01875 0.030556
2 0.672917 0.671296 0.044792 0.038889
2 0.649479 0.685185 0.041667 0.051852
2 0.909375 0.666204 0.09375 0.084259
2 0.95625 0.665741 0.086458 0.088889
2 0.961979 0.672222 0.076042 0.083333
