2 0.132031 0.653241 0.058854 0.091667
3 0.067708 0.643519 0.135417 0.17037
2 0.302604 0.700926 0.157292 0.187037
2 0.36901 0.680093 0.084896 0.126852
2 0.402344 0.659259 0.050521 0.07963
3 0.41901 0.637037 0.035937 0.077778
2 0.442708 0.653704 0.01875 0.027778
2 0.519271 0.708796 0.135417 0.215741
2 0.627604 0.695833 0.102083 0.150926
2 0.672917 0.675 0.055208 0.044444
2 0.729427 0.700926 0.106771 0.125926
2 0.825 0.677778 0.09375 0.059259
1 0.869531 0.715278 0.032813 0.113889
1 0.8875 0.688889 0.026042 0.040741
0 0.948437 0.70463 0.026042 0.122222
2 0.951562 0.685648 0.096875 0.091667
3 0.332813 0.624074 0.083333 0.146296
