2 0.701823 0.696296 0.156771 0.201852
2 0.613802 0.686111 0.067187 0.096296
2 0.502865 0.75 0.202604 0.27963
2 0.388542 0.672685 0.017708 0.026852
2 0.352865 0.676852 0.027604 0.044444
3 0.355729 0.659722 0.03125 0.065741
2 0.335417 0.681481 0.039583 0.055556
4 0.309896 0.656019 0.036458 0.076852
2 0.261979 0.68287 0.044792 0.058333
1 0.221354 0.680556 0.0125 0.048148
1 0.195052 0.681481 0.020313 0.044444
1 0.155208 0.689815 0.01875 0.061111
0 0.136719 0.684722 0.010937 0.050926
1 0.120313 0.685648 0.019792 0.056481
0 0.089063 0.68287 0.008333 0.047222
