0 0.922917 0.668056 0.023958 0.126852
0 0.90599 0.65787 0.014063 0.102778
0 0.892708 0.658796 0.0125 0.091667
1 0.790625 0.693056 0.04375 0.175
0 0.769271 0.635185 0.014583 0.066667
0 0.755729 0.649074 0.019792 0.1
0 0.702865 0.652778 0.009896 0.07037
1 0.673177 0.693519 0.050521 0.177778
1 0.622656 0.662037 0.019271 0.092593
1 0.589844 0.655556 0.015104 0.066667
0 0.63776 0.640741 0.009896 0.057407
2 0.536719 0.668981 0.069271 0.09537
4 0.417708 0.609259 0.094792 0.181481
4 0.072656 0.562963 0.144271 0.651852
2 0.198437 0.661111 0.097917 0.090741
0 0.250781 0.638426 0.010937 0.052778
2 0.297396 0.662037 0.08125 0.098148
2 0.339844 0.649074 0.048438 0.066667
4 0.323958 0.627778 0.054167 0.090741
2 0.494531 0.639352 0.028646 0.04537
