0 0.115885 0.640741 0.016146 0.085185
0 0.233333 0.639352 0.009375 0.052778
0 0.252083 0.638889 0.011458 0.048148
0 0.305469 0.641667 0.013021 0.053704
0 0.338542 0.631019 0.00625 0.034259
0 0.33151 0.631019 0.005729 0.034259
2 0.364583 0.64213 0.039583 0.050926
2 0.477604 0.626389 0.011458 0.021296
1 0.534635 0.638889 0.010937 0.051852
1 0.57526 0.642593 0.015104 0.068519
0 0.6375 0.631944 0.007292 0.047222
0 0.621875 0.628704 0.009375 0.051852
0 0.682031 0.630093 0.011979 0.071296
1 0.408854 0.627778 0.004167 0.022222
1 0.421094 0.625463 0.004687 0.019444
1 0.404167 0.628241 0.004167 0.023148
