0 0.778385 0.642593 0.021354 0.077778
1 0.704167 0.651852 0.028125 0.096296
1 0.678125 0.646296 0.023958 0.085185
1 0.625 0.630093 0.013542 0.062037
1 0.50599 0.634259 0.009896 0.037037
1 0.498958 0.630556 0.008333 0.037037
1 0.490104 0.631944 0.009375 0.041667
2 0.456771 0.648148 0.057292 0.083333
2 0.425 0.626852 0.030208 0.055556
2 0.410417 0.62963 0.016667 0.031481
3 0.355729 0.588889 0.091667 0.17963
2 0.283854 0.656944 0.119792 0.130556
2 0.173958 0.64537 0.122917 0.12963
2 0.128385 0.647222 0.106771 0.087037
2 0.032552 0.641667 0.063021 0.214815
