1 0.866146 0.668981 0.045833 0.108333
2 0.857812 0.653241 0.123958 0.084259
0 0.714323 0.625463 0.008854 0.05463
2 0.603385 0.64213 0.130729 0.078704
2 0.521615 0.618056 0.025521 0.039815
4 0.47474 0.596296 0.015104 0.02963
2 0.465885 0.612963 0.017188 0.025926
2 0.436458 0.607407 0.011458 0.016667
2 0.420573 0.605093 0.010937 0.013889
2 0.406771 0.601389 0.008333 0.015741
3 0.397917 0.596296 0.013542 0.02963
2 0.319531 0.6375 0.065104 0.106481
2 0.270573 0.633333 0.047396 0.062963
2 0.175521 0.637963 0.094792 0.144444
