2 0.076042 0.691667 0.15 0.148148
0 0.16875 0.653241 0.013542 0.067593
0 0.217188 0.648611 0.010417 0.050926
0 0.184896 0.653704 0.0125 0.055556
0 0.153906 0.653704 0.014063 0.055556
0 0.241406 0.654167 0.008854 0.034259
2 0.33151 0.662037 0.046354 0.055556
2 0.360938 0.653704 0.042708 0.035185
2 0.447656 0.650926 0.021354 0.02963
2 0.518229 0.65 0.091667 0.190741
2 0.603385 0.664815 0.059896 0.087037
2 0.571875 0.661111 0.026042 0.044444
1 0.653125 0.671759 0.01875 0.05463
2 0.771094 0.712037 0.191146 0.214815
