2 0.069271 0.641204 0.138542 0.087963
2 0.176563 0.678704 0.292708 0.214815
2 0.53151 0.622222 0.015104 0.027778
2 0.521615 0.620833 0.007812 0.013889
3 0.50026 0.614815 0.006771 0.022222
3 0.465885 0.606944 0.032813 0.067593
4 0.439583 0.607407 0.04375 0.087037
2 0.407031 0.628704 0.021354 0.035185
2 0.398177 0.631019 0.019271 0.034259
3 0.414323 0.605556 0.021354 0.046296
2 0.377604 0.628241 0.03125 0.050926
3 0.358594 0.618056 0.034896 0.060185
3 0.678906 0.612963 0.199479 0.151852
2 0.960677 0.635185 0.078646 0.085185
