2 0.045052 0.682407 0.076563 0.066667
2 0.080208 0.681944 0.053125 0.062037
2 0.113542 0.675926 0.070833 0.057407
2 0.146615 0.677778 0.044271 0.048148
2 0.173177 0.672685 0.047396 0.049074
2 0.179167 0.7 0.077083 0.075926
2 0.208333 0.673611 0.039583 0.039815
2 0.226042 0.678704 0.033333 0.035185
2 0.247396 0.675 0.040625 0.031481
5 0.305729 0.68287 0.021875 0.056481
2 0.327344 0.678704 0.028646 0.031481
2 0.351302 0.676852 0.019271 0.024074
1 0.382031 0.671759 0.006771 0.025
2 0.397135 0.67037 0.021354 0.038889
2 0.452344 0.669907 0.021354 0.030556
2 0.510156 0.6625 0.024479 0.021296
2 0.470833 0.666204 0.013542 0.017593
2 0.48724 0.665278 0.015104 0.015741
