1 0.013802 0.692593 0.013021 0.037037
1 0.042708 0.693519 0.013542 0.037037
2 0.020052 0.696296 0.040104 0.031481
2 0.186979 0.705556 0.023958 0.033333
4 0.200521 0.693056 0.026042 0.058333
2 0.222135 0.651852 0.020313 0.024074
2 0.233854 0.654167 0.016667 0.025
3 0.23125 0.681019 0.048958 0.086111
2 0.261458 0.708796 0.023958 0.034259
2 0.272396 0.712037 0.015625 0.027778
2 0.283333 0.712037 0.014583 0.024074
3 0.285938 0.691667 0.03125 0.048148
2 0.304427 0.713889 0.020313 0.02963
2 0.326823 0.715278 0.014063 0.023148
2 0.342187 0.712963 0.016667 0.027778
2 0.354427 0.718519 0.033854 0.031481
3 0.343229 0.701852 0.01875 0.037037
3 0.316927 0.702778 0.011979 0.025926
1 0.404948 0.721296 0.009896 0.040741
3 0.824219 0.751852 0.258854 0.344444
