4 0.082292 0.580093 0.161458 0.832407
1 0.298177 0.685185 0.018229 0.05
2 0.353125 0.665741 0.014583 0.018519
2 0.363542 0.668519 0.015625 0.02037
2 0.383073 0.665741 0.025521 0.016667
2 0.41849 0.668519 0.016146 0.02037
2 0.436198 0.668519 0.020313 0.024074
2 0.49401 0.680556 0.041146 0.083333
2 0.522396 0.676852 0.023958 0.040741
2 0.538021 0.677315 0.038542 0.052778
0 0.65651 0.683333 0.009896 0.062963
0 0.665885 0.6875 0.010937 0.05463
2 0.70625 0.689352 0.063542 0.050926
2 0.751563 0.687037 0.078125 0.061111
2 0.903646 0.746296 0.19375 0.222222
0 0.577604 0.67963 0.007292 0.02963
