1 0.054167 0.649074 0.033333 0.081481
2 0.176563 0.630093 0.046875 0.04537
1 0.257552 0.630093 0.011979 0.04537
3 0.226302 0.614815 0.055729 0.062963
3 0.311458 0.591204 0.072917 0.117593
2 0.366667 0.621296 0.025 0.031481
0 0.41224 0.614352 0.009896 0.032407
4 0.427604 0.597685 0.023958 0.039815
2 0.496094 0.600926 0.009896 0.014815
3 0.460677 0.597685 0.010937 0.025
2 0.510938 0.600463 0.008333 0.013889
2 0.52526 0.597685 0.008854 0.017593
3 0.641406 0.603241 0.039062 0.052778
0 0.780208 0.638426 0.019792 0.067593
2 0.472917 0.596759 0.007292 0.015741
2 0.449479 0.60463 0.010417 0.012963
2 0.441406 0.603241 0.008854 0.013889
