1 0.01276 0.674074 0.025521 0.107407
1 0.053906 0.672222 0.043229 0.092593
1 0.073177 0.675463 0.036979 0.089815
1 0.089063 0.680093 0.036458 0.106481
1 0.152083 0.684259 0.030208 0.092593
0 0.28099 0.690741 0.016146 0.109259
2 0.328125 0.712037 0.10625 0.124074
2 0.410156 0.704167 0.046354 0.067593
2 0.433073 0.700463 0.030729 0.050926
2 0.674219 0.734722 0.143229 0.200926
2 0.822135 0.743981 0.152604 0.160185
1 0.895052 0.743519 0.035937 0.085185
2 0.566406 0.712963 0.039062 0.053704
2 0.540885 0.699074 0.027604 0.051852
1 0.203125 0.688426 0.017708 0.060185
