2 0.072396 0.625926 0.084375 0.072222
1 0.005208 0.616667 0.011458 0.035185
2 0.22474 0.623611 0.074479 0.091667
2 0.257031 0.627778 0.048438 0.064815
3 0.27526 0.579167 0.072396 0.141667
2 0.307812 0.618519 0.025 0.044444
3 0.338802 0.606481 0.021354 0.042593
2 0.373698 0.615278 0.013021 0.021296
4 0.388802 0.60787 0.013021 0.026852
3 0.452344 0.583796 0.057812 0.143519
2 0.489583 0.639352 0.059375 0.084259
2 0.583333 0.668519 0.139583 0.175926
0 0.679427 0.644444 0.013021 0.068519
0 0.657031 0.646296 0.011979 0.062963
1 0.64974 0.659259 0.022396 0.07963
2 0.31276 0.618981 0.027604 0.039815
