4 0.064323 0.511574 0.128646 0.771296
4 0.19401 0.515278 0.307812 0.487963
4 0.382812 0.581481 0.0875 0.153704
0 0.351302 0.641667 0.018229 0.122222
0 0.404167 0.624537 0.023958 0.106481
2 0.347656 0.624537 0.058854 0.09537
1 0.532031 0.643056 0.023438 0.093519
1 0.546875 0.632407 0.019792 0.064815
1 0.579167 0.665278 0.034375 0.143519
1 0.607552 0.655093 0.024479 0.097222
1 0.714844 0.684722 0.043229 0.249074
0 0.884375 0.718056 0.055208 0.299074
0 0.958073 0.734259 0.083854 0.418519
4 0.864323 0.548148 0.270313 0.575926
4 0.698958 0.587963 0.161458 0.25
2 0.513281 0.621296 0.020313 0.02037
