1 0.76875 0.705093 0.079167 0.256481
0 0.680208 0.638889 0.028125 0.131481
0 0.638021 0.6375 0.020833 0.125
0 0.61849 0.624537 0.015104 0.084259
0 0.602604 0.628704 0.01875 0.094444
1 0.517448 0.628241 0.014063 0.05463
3 0.377083 0.617593 0.022917 0.057407
3 0.39349 0.597685 0.027604 0.087963
2 0.421094 0.627778 0.039062 0.051852
2 0.721875 0.619907 0.067708 0.04537
0 0.814844 0.632407 0.014063 0.094444
0 0.986198 0.603704 0.011979 0.061111
0 0.978646 0.596759 0.011458 0.065741
0 0.938281 0.61713 0.015104 0.058333
0 0.903385 0.614352 0.011979 0.056481
0 0.891667 0.614815 0.011458 0.059259
0 0.882812 0.611574 0.013542 0.062037
0 0.844531 0.625 0.010937 0.053704
0 0.847396 0.610648 0.0125 0.067593
2 0.68776 0.615278 0.065104 0.052778
0 0.872656 0.614352 0.008854 0.041667
0 0.78776 0.653241 0.026562 0.15463
0 0.502865 0.618981 0.007812 0.036111
