4 0.484115 0.62963 0.223437 0.412963
2 0.342187 0.657407 0.084375 0.105556
3 0.373437 0.564815 0.015625 0.027778
2 0.367708 0.575463 0.013542 0.017593
2 0.373177 0.583333 0.015104 0.024074
2 0.354687 0.5875 0.022917 0.032407
2 0.33724 0.582407 0.021354 0.024074
2 0.33724 0.607407 0.043229 0.046296
3 0.31849 0.563426 0.038021 0.063889
2 0.291406 0.596759 0.041146 0.049074
2 0.272396 0.587037 0.035417 0.025926
2 0.221354 0.600463 0.045833 0.04537
1 0.204948 0.587963 0.010937 0.037037
1 0.197135 0.590278 0.007812 0.037963
1 0.191406 0.590741 0.011979 0.042593
1 0.186458 0.588426 0.010417 0.037963
1 0.167708 0.593981 0.013542 0.04537
0 0.153385 0.578704 0.006771 0.031481
1 0.133594 0.602778 0.018229 0.042593
1 0.101042 0.608333 0.01875 0.053704
1 0.086198 0.609722 0.015104 0.052778
1 0.075781 0.609722 0.017188 0.050926
2 0.038021 0.633796 0.076042 0.084259
2 0.152344 0.681944 0.153646 0.143519
