2 0.131771 0.77963 0.263542 0.440741
3 0.140625 0.606481 0.108333 0.140741
2 0.213542 0.652778 0.095833 0.083333
2 0.301823 0.66713 0.157812 0.241667
4 0.369792 0.624074 0.091667 0.142593
2 0.408333 0.671296 0.065625 0.096296
2 0.45026 0.662037 0.040104 0.061111
2 0.48125 0.653241 0.027083 0.043519
2 0.494531 0.647222 0.009896 0.016667
2 0.507031 0.652778 0.018229 0.027778
2 0.642188 0.665278 0.04375 0.034259
1 0.670833 0.679167 0.01875 0.056481
2 0.746354 0.658796 0.058333 0.05463
2 0.558594 0.65787 0.039062 0.028704
