1 0.646354 0.679167 0.008333 0.043519
2 0.620313 0.680093 0.042708 0.05463
1 0.538542 0.666204 0.009375 0.032407
1 0.526563 0.667593 0.0125 0.042593
2 0.467969 0.670833 0.084896 0.058333
2 0.433854 0.670833 0.076042 0.047222
0 0.374479 0.664815 0.010417 0.062963
0 0.324479 0.669907 0.013542 0.058333
2 0.320833 0.667593 0.075 0.051852
2 0.280729 0.667593 0.077083 0.057407
0 0.300781 0.671296 0.017188 0.062963
0 0.294271 0.672222 0.013542 0.074074
2 0.149219 0.755556 0.297396 0.488889
0 0.676562 0.670833 0.007292 0.036111
0 0.717187 0.681019 0.008333 0.034259
0 0.707292 0.675463 0.007292 0.036111
