2 0.26224 0.616667 0.080729 0.048148
2 0.35651 0.665278 0.174479 0.202778
2 0.497135 0.626389 0.081771 0.084259
2 0.590625 0.614815 0.041667 0.040741
4 0.659375 0.590741 0.06875 0.088889
3 0.592187 0.596296 0.027083 0.044444
2 0.69375 0.612037 0.020833 0.031481
2 0.714844 0.611574 0.023438 0.026852
2 0.732552 0.611111 0.023438 0.031481
2 0.75625 0.611574 0.032292 0.034259
2 0.823437 0.612963 0.042708 0.040741
2 0.7875 0.612963 0.033333 0.031481
3 0.748698 0.585648 0.042188 0.049074
2 0.955208 0.648611 0.089583 0.134259
