2 0.041667 0.6875 0.083333 0.278704
1 0.239844 0.682407 0.030729 0.068519
2 0.373437 0.679167 0.05 0.056481
2 0.409115 0.667593 0.048438 0.059259
3 0.438021 0.647685 0.073958 0.067593
2 0.507552 0.654167 0.028646 0.043519
2 0.571354 0.65463 0.026042 0.033333
2 0.590104 0.65 0.017708 0.024074
1 0.548958 0.655093 0.010417 0.025
2 0.616667 0.65787 0.025 0.043519
2 0.647656 0.649074 0.016146 0.027778
2 0.665365 0.65 0.017188 0.025926
1 0.673177 0.661111 0.008854 0.046296
1 0.629167 0.676389 0.023958 0.089815
2 0.711198 0.680093 0.091146 0.09537
