2 0.117708 0.793056 0.132292 0.14537
2 0.029427 0.753241 0.054688 0.050926
2 0.014844 0.747222 0.029687 0.046296
2 0.179167 0.760185 0.022917 0.035185
2 0.198958 0.761111 0.01875 0.025926
2 0.219792 0.762037 0.015625 0.022222
3 0.314063 0.717593 0.165625 0.383333
2 0.399219 0.796296 0.033854 0.057407
1 0.43151 0.787963 0.007812 0.035185
1 0.453385 0.794444 0.010937 0.038889
1 0.467969 0.79537 0.009896 0.038889
1 0.478125 0.796296 0.007292 0.044444
1 0.490104 0.801389 0.013542 0.04537
1 0.563021 0.813889 0.017708 0.068519
1 0.588281 0.806944 0.013021 0.049074
1 0.654687 0.816204 0.033333 0.071296
1 0.721354 0.838426 0.046875 0.176852
1 0.827083 0.829167 0.039583 0.078704
1 0.939583 0.831481 0.044792 0.085185
