1 0.133854 0.664815 0.014583 0.053704
0 0.16875 0.665278 0.0125 0.056481
0 0.159635 0.663889 0.009896 0.048148
2 0.236979 0.673611 0.077083 0.076852
2 0.271615 0.6625 0.016146 0.028704
2 0.319531 0.660185 0.043229 0.066667
2 0.353646 0.663889 0.042708 0.02963
2 0.366667 0.663426 0.015625 0.026852
2 0.39974 0.659259 0.016146 0.024074
3 0.408333 0.648148 0.017708 0.035185
3 0.429948 0.654167 0.013021 0.030556
2 0.433854 0.660185 0.009375 0.016667
2 0.447656 0.661111 0.024479 0.024074
3 0.485417 0.643056 0.035417 0.091667
2 0.503125 0.662963 0.016667 0.027778
2 0.519792 0.661111 0.013542 0.022222
4 0.534375 0.65 0.032292 0.057407
2 0.551562 0.666204 0.04375 0.073148
2 0.594271 0.687037 0.08125 0.114815
1 0.667708 0.676852 0.017708 0.059259
1 0.857812 0.699074 0.039583 0.118519
0 0.897135 0.686111 0.019271 0.118519
2 0.988542 0.67963 0.022917 0.051852
