2 0.158073 0.702315 0.194271 0.199074
1 0.326042 0.663426 0.009375 0.039815
0 0.316927 0.65787 0.009896 0.047222
1 0.308594 0.665278 0.008854 0.037963
2 0.449479 0.648611 0.020833 0.034259
2 0.539583 0.643981 0.014583 0.025
2 0.519271 0.648611 0.026042 0.036111
2 0.58151 0.6625 0.055729 0.082407
0 0.717969 0.636111 0.008854 0.040741
0 0.814583 0.668519 0.013542 0.088889
0 0.801302 0.655556 0.021354 0.111111
0 0.782552 0.656019 0.025521 0.110185
0 0.746354 0.649537 0.020833 0.093519
0 0.901823 0.661111 0.021354 0.053704
