1 0.08776 0.65463 0.032813 0.094444
1 0.140104 0.651852 0.025 0.072222
1 0.16224 0.647685 0.019271 0.067593
0 0.058073 0.638426 0.018229 0.078704
0 0.038281 0.635185 0.014063 0.07037
4 0.294531 0.588889 0.252604 0.362963
2 0.516927 0.693981 0.123437 0.180556
2 0.443229 0.646759 0.039583 0.056481
2 0.5875 0.652778 0.063542 0.057407
1 0.647396 0.665741 0.020833 0.081481
1 0.665885 0.652778 0.013021 0.07963
1 0.882552 0.729167 0.088021 0.337963
0 0.819792 0.648611 0.014583 0.089815
1 0.678646 0.649074 0.015625 0.064815
