2 0.030729 0.624074 0.061458 0.090741
2 0.060677 0.737963 0.120313 0.218519
1 0.142708 0.768981 0.084375 0.252778
1 0.179688 0.691667 0.036458 0.168519
0 0.127344 0.621296 0.028646 0.081481
2 0.21224 0.607407 0.051562 0.068519
2 0.245052 0.666204 0.096354 0.10463
0 0.320573 0.655556 0.022396 0.087037
2 0.326042 0.6375 0.055208 0.062037
2 0.354948 0.627315 0.040104 0.063889
2 0.376563 0.618981 0.029167 0.049074
2 0.400521 0.616204 0.027083 0.039815
2 0.433333 0.601852 0.014583 0.025926
2 0.44375 0.601852 0.009375 0.02037
2 0.458333 0.616667 0.023958 0.038889
2 0.484375 0.629167 0.040625 0.080556
4 0.496354 0.589352 0.032292 0.037963
2 0.507031 0.618519 0.025521 0.046296
0 0.550781 0.627315 0.010937 0.056481
2 0.686458 0.614815 0.073958 0.051852
