2 0.06224 0.615741 0.123437 0.124074
3 0.310156 0.581944 0.168229 0.236111
2 0.417448 0.636574 0.080729 0.084259
2 0.466667 0.635648 0.048958 0.065741
2 0.500521 0.628241 0.034375 0.041667
2 0.538281 0.625463 0.042188 0.04537
2 0.568229 0.627778 0.03125 0.033333
2 0.59375 0.628704 0.022917 0.027778
1 0.728125 0.668056 0.028125 0.091667
1 0.733854 0.681944 0.034375 0.121296
1 0.76224 0.675926 0.023438 0.085185
1 0.821354 0.682407 0.033333 0.127778
1 0.886198 0.694444 0.038021 0.112963
1 0.941927 0.705093 0.077604 0.15463
