0 0.797135 0.657407 0.018229 0.124074
1 0.832031 0.746296 0.075521 0.211111
1 0.877344 0.82037 0.129688 0.359259
0 0.61224 0.628241 0.014063 0.063889
1 0.551562 0.635185 0.01875 0.074074
1 0.526302 0.636111 0.013021 0.055556
1 0.490104 0.614352 0.010417 0.036111
1 0.478906 0.606019 0.009896 0.037963
1 0.46224 0.604167 0.008854 0.036111
0 0.442969 0.597685 0.004687 0.021296
2 0.416927 0.597222 0.017188 0.025926
2 0.396354 0.593519 0.014583 0.024074
3 0.402604 0.587963 0.014583 0.025926
2 0.383594 0.597222 0.019271 0.027778
2 0.376042 0.591204 0.010417 0.015741
2 0.365365 0.59213 0.015104 0.021296
2 0.347656 0.591667 0.021354 0.033333
2 0.328385 0.605093 0.049479 0.063889
2 0.260677 0.5875 0.036979 0.052778
1 0.211979 0.591667 0.009375 0.02963
1 0.176823 0.594444 0.014063 0.040741
1 0.158333 0.598148 0.013542 0.044444
2 0.045312 0.588426 0.047917 0.036111
