2 0.467187 0.74537 0.286458 0.364815
2 0.738281 0.673148 0.148438 0.164815
5 0.186979 0.643056 0.025 0.060185
1 0.134375 0.660648 0.030208 0.089815
2 0.347396 0.636111 0.070833 0.064815
2 0.279427 0.630093 0.041146 0.041667
2 0.227083 0.643056 0.063542 0.037963
2 0.167708 0.642593 0.047917 0.031481
2 0.094531 0.64537 0.076563 0.046296
2 0.061719 0.647685 0.060937 0.04537
2 0.027865 0.651852 0.055729 0.042593
2 0.666406 0.62963 0.033854 0.027778
2 0.635417 0.625463 0.026042 0.017593
1 0.957031 0.639815 0.031771 0.124074
