2 0.020573 0.661574 0.041146 0.043519
2 0.034115 0.651389 0.052604 0.047222
2 0.079427 0.652778 0.061979 0.053704
2 0.117188 0.651389 0.0375 0.036111
0 0.185156 0.651852 0.008854 0.040741
1 0.203385 0.65787 0.018229 0.047222
1 0.25026 0.650926 0.013021 0.046296
5 0.329427 0.64537 0.016146 0.044444
2 0.502083 0.656944 0.045833 0.067593
2 0.545312 0.646759 0.030208 0.050926
2 0.53099 0.642593 0.018229 0.031481
2 0.585677 0.673148 0.079687 0.12037
1 0.788542 0.685648 0.038542 0.14537
0 0.682031 0.654167 0.010937 0.065741
0 0.801823 0.667593 0.022396 0.105556
