2 0.148698 0.674074 0.076563 0.057407
1 0.20651 0.678241 0.016146 0.049074
2 0.3125 0.69213 0.05 0.043519
2 0.355469 0.69213 0.032813 0.04537
2 0.371354 0.691667 0.022917 0.040741
1 0.390104 0.688889 0.022917 0.057407
4 0.395052 0.681019 0.031771 0.052778
2 0.422396 0.696296 0.023958 0.037037
2 0.435937 0.691667 0.020833 0.037037
2 0.444531 0.692593 0.014063 0.02963
4 0.450521 0.686574 0.019792 0.036111
2 0.464844 0.690278 0.013021 0.023148
0 0.476562 0.698148 0.007292 0.046296
0 0.480729 0.699537 0.008333 0.047222
2 0.495052 0.694444 0.014063 0.02037
2 0.513281 0.69537 0.015104 0.022222
2 0.696094 0.714352 0.113021 0.073148
1 0.808333 0.718981 0.036458 0.063889
