2 0.13724 0.648148 0.036979 0.038889
2 0.251823 0.627315 0.035937 0.037963
2 0.270573 0.625926 0.015104 0.024074
2 0.28724 0.625463 0.015104 0.025
2 0.302083 0.626389 0.010417 0.013889
2 0.316406 0.625463 0.017188 0.017593
2 0.345573 0.622222 0.010937 0.012963
2 0.402083 0.618056 0.015625 0.028704
3 0.416667 0.611111 0.013542 0.02963
2 0.421354 0.619907 0.011458 0.021296
2 0.429427 0.625463 0.019271 0.028704
2 0.436979 0.614352 0.017708 0.034259
3 0.451042 0.60787 0.022917 0.04537
3 0.48125 0.60463 0.035417 0.077778
3 0.534635 0.60463 0.045312 0.081481
3 0.655729 0.640278 0.225 0.265741
3 0.897135 0.611574 0.206771 0.397222
2 0.333073 0.620833 0.011979 0.021296
