2 0.023698 0.689815 0.047396 0.114815
2 0.107812 0.690278 0.084375 0.082407
2 0.135937 0.68287 0.045833 0.062037
2 0.167969 0.679167 0.044271 0.060185
0 0.171094 0.675463 0.016146 0.071296
2 0.210677 0.684722 0.070312 0.080556
0 0.243229 0.668056 0.009375 0.04537
0 0.266146 0.668519 0.010417 0.048148
0 0.25599 0.670833 0.009896 0.041667
2 0.263281 0.666204 0.034896 0.047222
2 0.302344 0.669444 0.033854 0.040741
3 0.384115 0.658333 0.011979 0.024074
2 0.365365 0.665278 0.023438 0.043519
2 0.361458 0.671296 0.022917 0.040741
1 0.419531 0.695833 0.033854 0.176852
1 0.485417 0.708333 0.054167 0.281481
0 0.568229 0.670833 0.026042 0.141667
0 0.60599 0.664815 0.028646 0.159259
0 0.651563 0.667593 0.032292 0.155556
0 0.536198 0.664352 0.018229 0.084259
0 0.520833 0.67037 0.016667 0.1
