1 0.832812 0.62963 0.017708 0.055556
1 0.839062 0.618981 0.011458 0.04537
2 0.842969 0.610648 0.051562 0.049074
2 0.71849 0.615741 0.026562 0.037037
2 0.679948 0.625926 0.040104 0.051852
3 0.6375 0.593981 0.036458 0.050926
2 0.621094 0.628241 0.038021 0.047222
2 0.583073 0.630556 0.051562 0.051852
2 0.527604 0.635648 0.071875 0.069444
3 0.477344 0.602778 0.091146 0.112963
2 0.34349 0.613426 0.054688 0.049074
2 0.279687 0.618056 0.05 0.039815
1 0.203125 0.646759 0.021875 0.063889
2 0.204948 0.626389 0.056771 0.05463
2 0.047396 0.631481 0.094792 0.092593
2 0.125521 0.6375 0.063542 0.058333
2 0.174219 0.624537 0.048438 0.049074
2 0.225781 0.61713 0.046354 0.041667
