2 0.086458 0.684722 0.167708 0.123148
0 0.188542 0.645833 0.014583 0.063889
2 0.236458 0.669444 0.090625 0.090741
2 0.294531 0.6625 0.056771 0.067593
2 0.324219 0.647685 0.058854 0.032407
0 0.335938 0.649537 0.014583 0.049074
4 0.379427 0.634259 0.053646 0.027778
1 0.365625 0.656019 0.013542 0.073148
0 0.390104 0.65 0.0125 0.051852
0 0.415885 0.651852 0.009896 0.046296
1 0.457552 0.657407 0.020313 0.062963
1 0.477604 0.652315 0.009375 0.04537
1 0.527604 0.653241 0.022917 0.047222
2 0.590885 0.650926 0.051562 0.033333
0 0.629427 0.668981 0.020313 0.100926
2 0.633854 0.663889 0.059375 0.074074
2 0.65625 0.672685 0.059375 0.078704
2 0.701302 0.683796 0.083854 0.099074
1 0.701823 0.677315 0.044271 0.171296
2 0.783333 0.702778 0.123958 0.15
2 0.89375 0.723148 0.211458 0.268519
