1 0.83776 0.739815 0.074479 0.2
0 0.581771 0.655556 0.019792 0.081481
2 0.117188 0.652778 0.071875 0.072222
2 0.211198 0.642593 0.063021 0.098148
2 0.244531 0.726389 0.158854 0.206481
3 0.284115 0.611574 0.052604 0.073148
2 0.303125 0.635648 0.039583 0.049074
3 0.333333 0.606019 0.040625 0.075
2 0.358073 0.612037 0.022396 0.035185
2 0.389844 0.625 0.028646 0.048148
2 0.401302 0.618519 0.021354 0.035185
2 0.41849 0.610185 0.016146 0.022222
2 0.438281 0.643519 0.044271 0.061111
1 0.484375 0.608796 0.005208 0.021296
1 0.502604 0.613426 0.008333 0.025
2 0.646094 0.616204 0.043229 0.039815
