2 0.970313 0.6 0.059375 0.061111
2 0.944792 0.60787 0.111458 0.073148
4 0.910677 0.568519 0.178646 0.12963
2 0.791406 0.621296 0.164062 0.090741
1 0.707292 0.604167 0.010417 0.052778
1 0.690625 0.609722 0.032292 0.052778
1 0.644531 0.6125 0.023438 0.047222
1 0.616667 0.607407 0.033333 0.057407
1 0.588802 0.610648 0.022396 0.052778
2 0.524479 0.623611 0.151042 0.082407
2 0.45599 0.597222 0.026562 0.037037
1 0.404427 0.59537 0.007812 0.02963
5 0.347135 0.608796 0.014063 0.039815
1 0.317448 0.609722 0.015104 0.04537
1 0.193229 0.662963 0.114583 0.248148
