2 0.019792 0.705556 0.039583 0.07037
2 0.03724 0.699537 0.072396 0.071296
1 0.108594 0.686574 0.032813 0.05463
2 0.160156 0.721759 0.129688 0.113889
2 0.303906 0.697222 0.056771 0.064815
1 0.346615 0.693056 0.022396 0.073148
2 0.292969 0.671759 0.052604 0.04537
2 0.392708 0.672222 0.03125 0.025926
0 0.407292 0.678241 0.009375 0.041667
0 0.427865 0.679167 0.006771 0.036111
2 0.413281 0.678241 0.030729 0.032407
1 0.489323 0.675 0.031771 0.044444
2 0.521875 0.670833 0.019792 0.026852
2 0.540365 0.672685 0.026562 0.037963
2 0.555729 0.665741 0.017708 0.024074
2 0.589844 0.666667 0.016146 0.022222
2 0.611719 0.663426 0.016146 0.015741
