0 0.025521 0.621296 0.017708 0.07963
0 0.084375 0.627315 0.0125 0.080556
2 0.035937 0.775463 0.071875 0.30463
1 0.133854 0.65 0.033333 0.12037
2 0.205729 0.656019 0.176042 0.219444
2 0.394531 0.751852 0.316146 0.451852
1 0.550521 0.628704 0.014583 0.055556
1 0.528906 0.626852 0.010937 0.059259
1 0.570833 0.638426 0.01875 0.099074
2 0.56224 0.628241 0.014063 0.062037
2 0.594531 0.630093 0.053646 0.058333
1 0.608594 0.639815 0.023438 0.096296
0 0.752344 0.613889 0.018229 0.083333
0 0.708073 0.601852 0.010937 0.059259
0 0.698698 0.605556 0.010937 0.057407
1 0.965365 0.662963 0.069271 0.366667
