1 0.880729 0.706019 0.067708 0.186111
0 0.792708 0.675 0.025 0.142593
1 0.789583 0.627778 0.020833 0.1
2 0.790104 0.601852 0.079167 0.040741
2 0.755729 0.591667 0.069792 0.042593
2 0.699479 0.706019 0.160417 0.213889
1 0.682813 0.590741 0.00625 0.024074
0 0.658854 0.597222 0.00625 0.037037
1 0.650781 0.606481 0.010937 0.044444
1 0.636719 0.599074 0.008854 0.042593
4 0.641406 0.58287 0.030729 0.063889
3 0.619531 0.586574 0.021354 0.050926
2 0.60625 0.625926 0.041667 0.068519
2 0.569531 0.595833 0.028646 0.037963
2 0.567969 0.655093 0.075521 0.100926
2 0.533594 0.611574 0.032813 0.050926
2 0.516667 0.626852 0.052083 0.068519
2 0.49349 0.606481 0.025521 0.037037
2 0.472917 0.611574 0.0375 0.050926
2 0.447656 0.613426 0.038021 0.05463
2 0.424479 0.6125 0.060417 0.078704
2 0.365104 0.638426 0.088542 0.100926
3 0.35625 0.599074 0.090625 0.140741
2 0.239323 0.664352 0.134896 0.134259
2 0.178385 0.819907 0.354687 0.362037
0 0.048698 0.631944 0.011979 0.076852
0 0.06276 0.635185 0.011979 0.072222
0 0.019271 0.637963 0.0125 0.07037
