2 0.027604 0.680093 0.054167 0.206481
0 0.188542 0.688889 0.008333 0.040741
0 0.210156 0.6875 0.008854 0.037963
1 0.296354 0.676852 0.008333 0.02963
2 0.33776 0.674074 0.023438 0.027778
2 0.363281 0.673148 0.026562 0.037037
5 0.39401 0.669907 0.018229 0.047222
2 0.415104 0.669444 0.0125 0.016667
4 0.441146 0.663426 0.008333 0.017593
2 0.451823 0.665278 0.011979 0.019444
2 0.458073 0.668519 0.007812 0.014815
2 0.465625 0.665741 0.010417 0.014815
2 0.476823 0.66713 0.010937 0.015741
1 0.535937 0.663426 0.008333 0.026852
2 0.574219 0.666204 0.055729 0.041667
1 0.688542 0.695833 0.03125 0.106481
2 0.677344 0.65787 0.057812 0.04537
1 0.895312 0.747685 0.128125 0.308333
2 0.767708 0.65787 0.096875 0.076852
2 0.807292 0.658333 0.089583 0.075926
2 0.854427 0.652315 0.075521 0.097222
2 0.945052 0.644907 0.109896 0.141667
