2 0.130208 0.633796 0.039583 0.028704
2 0.164583 0.629167 0.046875 0.030556
3 0.235937 0.612963 0.0375 0.02963
2 0.30625 0.643056 0.046875 0.05463
4 0.344271 0.612037 0.072917 0.092593
0 0.379427 0.634259 0.021354 0.072222
2 0.379167 0.6375 0.042708 0.052778
2 0.397656 0.627315 0.039062 0.056481
2 0.422917 0.625926 0.027083 0.035185
2 0.435417 0.618981 0.021875 0.037963
0 0.451562 0.62963 0.020833 0.075926
2 0.457031 0.61713 0.015104 0.021296
2 0.497656 0.611111 0.015104 0.02037
2 0.532292 0.610648 0.013542 0.013889
0 0.591146 0.629167 0.011458 0.071296
1 0.829948 0.62037 0.032813 0.094444
