0 0.24401 0.681481 0.010937 0.07037
1 0.276562 0.690741 0.025 0.07963
1 0.305469 0.699074 0.029687 0.12037
2 0.352604 0.709259 0.107292 0.125926
2 0.434375 0.689352 0.045833 0.071296
2 0.488542 0.73287 0.138542 0.212037
0 0.55599 0.681481 0.015104 0.096296
2 0.573438 0.67037 0.03125 0.042593
2 0.610156 0.676852 0.042188 0.064815
4 0.62474 0.62963 0.020313 0.042593
1 0.641667 0.672685 0.016667 0.05463
2 0.667448 0.673148 0.029687 0.048148
0 0.685417 0.697222 0.019792 0.111111
0 0.708594 0.672685 0.014063 0.073148
2 0.773177 0.703241 0.124479 0.126852
2 0.911458 0.736111 0.176042 0.224074
0 0.986979 0.647222 0.022917 0.127778
0 0.83125 0.656944 0.010417 0.032407
