2 0.04974 0.751852 0.098437 0.175926
2 0.135156 0.699074 0.153646 0.175926
0 0.239323 0.625 0.014063 0.074074
1 0.363542 0.628241 0.01875 0.043519
2 0.384896 0.614352 0.047917 0.032407
2 0.42474 0.605093 0.017188 0.030556
2 0.430469 0.601389 0.020313 0.034259
2 0.452344 0.597222 0.011979 0.022222
1 0.459375 0.60463 0.008333 0.027778
1 0.466406 0.6125 0.008854 0.026852
2 0.503125 0.620833 0.059375 0.04537
2 0.475 0.596296 0.0125 0.016667
2 0.503125 0.594444 0.01875 0.02037
2 0.563802 0.600926 0.050521 0.040741
2 0.629948 0.633333 0.094271 0.107407
2 0.690625 0.638889 0.130208 0.092593
2 0.753125 0.631019 0.1375 0.086111
4 0.738281 0.594907 0.224479 0.126852
2 0.827865 0.631944 0.097396 0.071296
4 0.948958 0.583333 0.101042 0.116667
