2 0.026042 0.65787 0.051042 0.050926
0 0.053906 0.656481 0.010937 0.051852
2 0.078385 0.652315 0.057812 0.039815
0 0.104688 0.655556 0.0125 0.057407
2 0.129427 0.664815 0.061979 0.055556
0 0.157552 0.656019 0.013021 0.062037
2 0.172135 0.647222 0.046354 0.033333
2 0.3875 0.701389 0.172917 0.252778
2 0.473438 0.655556 0.069792 0.118519
2 0.501823 0.647222 0.027604 0.051852
1 0.525 0.639815 0.008333 0.033333
2 0.571354 0.642593 0.039583 0.051852
1 0.60599 0.653704 0.019271 0.077778
0 0.597135 0.640278 0.010937 0.05463
5 0.7125 0.658333 0.164583 0.185185
2 0.933333 0.704167 0.13125 0.325
0 0.256771 0.644444 0.00625 0.035185
2 0.268229 0.641667 0.030208 0.024074
