2 0.98125 0.614815 0.036458 0.081481
2 0.948177 0.620833 0.094271 0.080556
2 0.874219 0.62963 0.103646 0.088889
1 0.838021 0.643056 0.034375 0.099074
2 0.788542 0.613889 0.071875 0.038889
2 0.754687 0.611111 0.03125 0.038889
2 0.721615 0.613426 0.032813 0.039815
3 0.66849 0.606944 0.070312 0.119444
2 0.658854 0.634259 0.083333 0.105556
2 0.567448 0.619444 0.036979 0.059259
2 0.520573 0.613426 0.034896 0.019444
1 0.463802 0.611111 0.011979 0.022222
3 0.446354 0.602778 0.010417 0.024074
2 0.404948 0.612963 0.026562 0.042593
4 0.408594 0.596296 0.032813 0.07037
2 0.282813 0.633333 0.128125 0.185185
