2 0.061198 0.69213 0.122396 0.30463
2 0.316406 0.633796 0.073438 0.089815
1 0.411979 0.622222 0.00625 0.022222
1 0.403125 0.622222 0.007292 0.024074
1 0.395573 0.621759 0.007812 0.028704
2 0.44375 0.62963 0.029167 0.037037
4 0.453906 0.613426 0.023438 0.047222
2 0.496615 0.639815 0.045312 0.064815
1 0.527604 0.639815 0.0125 0.05
0 0.597917 0.652778 0.0125 0.037037
1 0.692187 0.6875 0.044792 0.173148
2 0.676823 0.641667 0.102604 0.061111
2 0.748437 0.649074 0.108333 0.075926
2 0.813281 0.659259 0.174479 0.101852
2 0.946094 0.660185 0.106771 0.183333
2 0.980469 0.657407 0.039062 0.203704
