0 0.945312 0.65 0.030208 0.144444
0 0.904167 0.639352 0.030208 0.158333
0 0.817448 0.699537 0.065104 0.125
0 0.749479 0.659259 0.03125 0.185185
2 0.405208 0.648148 0.066667 0.07963
3 0.409375 0.606944 0.04375 0.100926
2 0.447656 0.626852 0.017188 0.033333
1 0.548698 0.638426 0.013021 0.05463
1 0.663802 0.64213 0.023438 0.123148
0 0.69401 0.640278 0.021354 0.106481
0 0.705208 0.610185 0.009375 0.042593
2 0.80625 0.627315 0.088542 0.05463
2 0.854427 0.625926 0.045312 0.044444
0 0.989062 0.627778 0.019792 0.07963
2 0.602344 0.627315 0.027604 0.025
2 0.676042 0.625463 0.067708 0.036111
2 0.75 0.622685 0.063542 0.058333
0 0.536458 0.628704 0.008333 0.037037
2 0.498698 0.622222 0.007812 0.012963
