3 0.732292 0.693519 0.061458 0.059259
2 0.680729 0.708333 0.047917 0.027778
1 0.640885 0.723611 0.013021 0.052778
2 0.595573 0.707407 0.046354 0.027778
4 0.560417 0.693519 0.075 0.118519
2 0.497396 0.728704 0.05625 0.07963
2 0.484896 0.686574 0.098958 0.065741
2 0.430469 0.7 0.017188 0.022222
3 0.411458 0.684259 0.023958 0.048148
2 0.360156 0.721759 0.095312 0.126852
2 0.313542 0.714352 0.035417 0.04537
2 0.257812 0.701852 0.05 0.031481
2 0.219792 0.693519 0.052083 0.053704
2 0.136979 0.691204 0.053125 0.041667
3 0.042969 0.670833 0.084896 0.062037
