2 0.96875 0.747222 0.0625 0.077778
2 0.930729 0.721759 0.126042 0.093519
0 0.779687 0.714352 0.025 0.141667
1 0.690365 0.698611 0.011979 0.049074
4 0.642188 0.666667 0.080208 0.142593
2 0.598698 0.67037 0.013021 0.018519
3 0.576823 0.666204 0.027604 0.050926
2 0.552865 0.671759 0.025521 0.04537
2 0.529167 0.686111 0.021875 0.027778
2 0.510938 0.686111 0.029167 0.031481
2 0.485156 0.682407 0.031771 0.042593
2 0.469792 0.685185 0.0375 0.042593
3 0.408073 0.644444 0.101562 0.140741
3 0.349479 0.674537 0.082292 0.102778
3 0.211458 0.61713 0.24375 0.286111
2 0.066146 0.693519 0.122917 0.103704
2 0.041927 0.705093 0.083854 0.160185
