2 0.267969 0.640741 0.054688 0.027778
4 0.363021 0.628704 0.039583 0.055556
2 0.415625 0.647685 0.051042 0.039815
2 0.496615 0.685648 0.105729 0.176852
2 0.380208 0.640278 0.054167 0.036111
2 0.402344 0.643519 0.051562 0.035185
5 0.479687 0.739815 0.077083 0.35
2 0.560677 0.663426 0.035937 0.062037
2 0.586979 0.663889 0.060417 0.087037
2 0.689323 0.661111 0.056771 0.035185
2 0.740365 0.656019 0.053646 0.037963
1 0.03724 0.641204 0.020313 0.05463
0 0.080208 0.636111 0.011458 0.046296
1 0.155729 0.646296 0.011458 0.046296
1 0.186198 0.648148 0.014063 0.046296
1 0.167187 0.649537 0.009375 0.04537
1 0.175 0.649074 0.013542 0.048148
1 0.208854 0.64213 0.020833 0.032407
2 0.548438 0.65 0.032292 0.053704
