2 0.891667 0.778241 0.214583 0.441667
3 0.620573 0.628704 0.053646 0.038889
2 0.6 0.642593 0.03125 0.038889
2 0.590365 0.638889 0.025521 0.040741
2 0.551823 0.640278 0.031771 0.047222
2 0.536198 0.63287 0.042188 0.030556
2 0.507292 0.631019 0.01875 0.032407
0 0.490885 0.63287 0.007812 0.036111
1 0.485156 0.631481 0.018229 0.035185
2 0.50026 0.632407 0.036979 0.025926
2 0.461979 0.631944 0.042708 0.028704
1 0.435937 0.631019 0.009375 0.028704
1 0.392969 0.639815 0.014063 0.035185
2 0.38151 0.633796 0.035937 0.028704
2 0.267708 0.67963 0.15625 0.153704
2 0.059896 0.656019 0.097917 0.078704
