1 0.09375 0.681481 0.0375 0.075926
2 0.2 0.684259 0.184375 0.155556
2 0.152604 0.678241 0.123958 0.115741
2 0.341927 0.664352 0.098437 0.093519
2 0.452604 0.648611 0.039583 0.04537
4 0.495052 0.627778 0.032813 0.05
2 0.513802 0.642593 0.019271 0.027778
2 0.595833 0.64537 0.022917 0.035185
1 0.727865 0.666204 0.022396 0.069444
2 0.793229 0.658796 0.078125 0.063889
2 0.86224 0.66713 0.065104 0.062037
2 0.901823 0.673148 0.053646 0.055556
2 0.94375 0.669907 0.082292 0.065741
3 0.565365 0.634722 0.016146 0.032407
2 0.532031 0.640278 0.016146 0.023148
