1 0.73776 0.679167 0.020313 0.075
1 0.720052 0.677315 0.020313 0.076852
2 0.526302 0.635185 0.015104 0.027778
2 0.521354 0.639352 0.017708 0.026852
3 0.49401 0.621759 0.014063 0.030556
2 0.491667 0.631481 0.014583 0.02037
2 0.471875 0.63287 0.013542 0.017593
2 0.459635 0.62963 0.014063 0.025926
2 0.44401 0.646759 0.043229 0.058333
2 0.40599 0.625 0.039062 0.068519
2 0.373958 0.656481 0.086458 0.101852
2 0.348698 0.627778 0.049479 0.061111
2 0.279948 0.635185 0.059896 0.072222
2 0.2 0.638426 0.089583 0.084259
2 0.046354 0.634722 0.091667 0.060185
1 0.031771 0.636111 0.019792 0.072222
