3 0.061979 0.466204 0.123958 0.084259
2 0.335677 0.458333 0.075521 0.051852
4 0.388021 0.449537 0.101042 0.067593
2 0.979427 0.708333 0.041146 0.142593
2 0.704167 0.653241 0.120833 0.078704
2 0.613542 0.659722 0.134375 0.078704
4 0.484896 0.618519 0.016667 0.024074
2 0.477344 0.625 0.009896 0.014815
2 0.398958 0.651852 0.065625 0.057407
2 0.440625 0.651389 0.046875 0.058333
1 0.53099 0.630093 0.005729 0.019444
2 0.372135 0.643056 0.025521 0.036111
2 0.20651 0.473611 0.069271 0.041667
2 0.494792 0.443981 0.047917 0.028704
2 0.635156 0.431019 0.052604 0.028704
2 0.883333 0.412963 0.08125 0.055556
