1 0.96849 0.720833 0.063021 0.300926
1 0.946875 0.702315 0.073958 0.239815
3 0.858333 0.623148 0.136458 0.092593
1 0.853906 0.722685 0.065104 0.239815
1 0.752604 0.686111 0.029167 0.107407
1 0.745313 0.663426 0.096875 0.078704
1 0.716146 0.668056 0.048958 0.106481
2 0.520312 0.768056 0.246875 0.330556
2 0.391406 0.680093 0.080729 0.060185
3 0.37526 0.6625 0.032813 0.069444
2 0.327344 0.688889 0.107812 0.161111
2 0.260156 0.710185 0.163021 0.216667
0 0.240885 0.70787 0.050521 0.258333
2 0.126562 0.785185 0.253125 0.425926
4 0.136979 0.596759 0.272917 0.313889
