2 0.104688 0.699537 0.208333 0.358333
2 0.313542 0.64213 0.103125 0.139815
0 0.234115 0.615278 0.011979 0.058333
2 0.42526 0.694444 0.176563 0.261111
1 0.526563 0.635185 0.021875 0.075926
0 0.551823 0.634259 0.009896 0.059259
1 0.574219 0.643056 0.017188 0.080556
2 0.59375 0.635648 0.072917 0.060185
0 0.627344 0.630556 0.008854 0.055556
1 0.651563 0.653241 0.039583 0.126852
0 0.71849 0.610648 0.009896 0.071296
0 0.709896 0.604167 0.010417 0.058333
0 0.803125 0.609259 0.016667 0.087037
0 0.863281 0.61713 0.017188 0.086111
