2 0.73125 0.7125 0.5375 0.571296
0 0.266927 0.684259 0.030729 0.192593
0 0.254688 0.70787 0.038542 0.156481
0 0.119792 0.686111 0.03125 0.177778
2 0.158854 0.669444 0.029167 0.048148
3 0.204948 0.655093 0.021354 0.039815
2 0.221094 0.668056 0.016146 0.025
4 0.220833 0.660648 0.009375 0.023148
4 0.261719 0.650926 0.040104 0.090741
0 0.307292 0.672685 0.01875 0.09537
0 0.288281 0.66713 0.008854 0.041667
0 0.317969 0.678704 0.010937 0.068519
1 0.363542 0.686574 0.026042 0.09537
1 0.486198 0.687037 0.039062 0.185185
2 0.54375 0.672685 0.079167 0.060185
2 0.56901 0.664815 0.081771 0.068519
2 0.630469 0.668519 0.121354 0.112963
