2 0.045312 0.651389 0.090625 0.132407
2 0.060937 0.592593 0.122917 0.118519
2 0.165885 0.593519 0.121354 0.088889
2 0.217448 0.594444 0.129688 0.096296
2 0.306771 0.605093 0.082292 0.058333
2 0.373177 0.603241 0.064062 0.060185
2 0.425781 0.606944 0.048438 0.047222
2 0.464844 0.609259 0.041146 0.042593
3 0.382812 0.587037 0.090625 0.072222
4 0.373698 0.575 0.099479 0.092593
2 0.545312 0.612963 0.022917 0.025926
2 0.573958 0.618981 0.038542 0.049074
2 0.632031 0.610648 0.015104 0.017593
2 0.673698 0.620833 0.020313 0.026852
1 0.9375 0.705556 0.027083 0.103704
1 0.869271 0.685185 0.017708 0.07037
1 0.810677 0.668981 0.007812 0.036111
1 0.752344 0.665278 0.008854 0.037963
2 0.780729 0.676389 0.05 0.073148
2 0.716406 0.610185 0.008854 0.012963
