2 0.052344 0.743519 0.103646 0.22963
0 0.098698 0.646296 0.024479 0.101852
0 0.080469 0.662037 0.016146 0.088889
0 0.159896 0.654167 0.021875 0.097222
0 0.177344 0.658796 0.019271 0.102778
2 0.203385 0.677315 0.097396 0.10463
2 0.264844 0.731481 0.157812 0.187037
2 0.26276 0.638889 0.072396 0.07963
1 0.368229 0.618519 0.014583 0.037037
2 0.415625 0.601852 0.015625 0.027778
2 0.434896 0.609259 0.035417 0.02963
2 0.45599 0.595833 0.011979 0.017593
2 0.485417 0.59213 0.01875 0.019444
2 0.715104 0.61713 0.064583 0.04537
2 0.811719 0.623148 0.118229 0.125926
2 0.930208 0.65 0.13125 0.137037
3 0.956771 0.652778 0.085417 0.209259
