2 0.028646 0.670833 0.057292 0.065741
2 0.065885 0.643519 0.046354 0.048148
3 0.179427 0.621296 0.054688 0.059259
3 0.238542 0.606019 0.034375 0.058333
2 0.245312 0.621296 0.022917 0.027778
2 0.258073 0.624537 0.024479 0.026852
2 0.290104 0.610648 0.013542 0.025
2 0.315104 0.610185 0.013542 0.02037
2 0.333854 0.607407 0.009375 0.014815
2 0.388281 0.623148 0.019271 0.02963
2 0.377604 0.636574 0.033333 0.049074
2 0.402865 0.607407 0.007812 0.012963
2 0.417187 0.611574 0.014583 0.023148
3 0.414323 0.599537 0.018229 0.037963
2 0.431771 0.611574 0.027083 0.056481
3 0.451562 0.599537 0.01875 0.049074
3 0.484635 0.599537 0.053646 0.091667
3 0.553646 0.60463 0.084375 0.172222
3 0.749219 0.61713 0.231771 0.250926
2 0.30625 0.610185 0.010417 0.02037
