1 0.017448 0.696759 0.019271 0.069444
1 0.098437 0.708333 0.017708 0.059259
1 0.12474 0.709722 0.013021 0.047222
1 0.13776 0.710185 0.014063 0.05
2 0.179688 0.7125 0.061458 0.067593
2 0.222656 0.719444 0.034896 0.044444
2 0.284635 0.712037 0.034896 0.051852
2 0.307812 0.716204 0.023958 0.037963
2 0.331771 0.71713 0.023958 0.037963
3 0.346094 0.706481 0.027604 0.061111
2 0.378385 0.722222 0.014063 0.02037
2 0.392969 0.721759 0.013021 0.021296
2 0.360156 0.721759 0.016146 0.026852
2 0.484115 0.755556 0.155729 0.22037
2 0.61901 0.719444 0.077604 0.138889
2 0.745833 0.750926 0.242708 0.296296
1 0.875 0.717593 0.025 0.090741
