2 0.130208 0.786574 0.259375 0.426852
2 0.404167 0.868056 0.396875 0.262037
3 0.41849 0.639815 0.229687 0.17037
3 0.245833 0.566667 0.144792 0.2
1 0.744792 0.70787 0.065625 0.163889
2 0.770833 0.656481 0.164583 0.092593
1 0.805208 0.836574 0.107292 0.310185
1 0.79375 0.74213 0.069792 0.197222
1 0.848177 0.737963 0.055729 0.181481
2 0.951562 0.503704 0.095833 0.077778
3 0.951562 0.582407 0.095833 0.233333
3 0.389844 0.572222 0.055729 0.088889
4 0.408854 0.585648 0.025 0.052778
3 0.44401 0.587037 0.019271 0.046296
