0 0.104688 0.65 0.0125 0.055556
0 0.113281 0.658333 0.007812 0.040741
2 0.1375 0.643981 0.047917 0.04537
2 0.166406 0.640741 0.034896 0.038889
2 0.201042 0.644444 0.039583 0.040741
2 0.241667 0.651852 0.038542 0.035185
2 0.247917 0.641667 0.048958 0.048148
2 0.284896 0.65 0.048958 0.051852
2 0.313281 0.655093 0.051562 0.062037
2 0.350781 0.658333 0.055729 0.074074
2 0.464062 0.7625 0.276042 0.376852
0 0.588802 0.664352 0.011979 0.047222
0 0.622656 0.660648 0.010937 0.050926
2 0.888021 0.747685 0.223958 0.262037
