1 0.038802 0.656944 0.077604 0.134259
1 0.109635 0.65 0.106771 0.166667
2 0.266927 0.641204 0.079687 0.075
2 0.321354 0.635185 0.053125 0.059259
2 0.352344 0.630556 0.038021 0.05
2 0.385417 0.621759 0.030208 0.052778
2 0.399219 0.625463 0.027604 0.041667
2 0.416927 0.61713 0.026562 0.04537
2 0.494271 0.616204 0.014583 0.030556
1 0.588542 0.637037 0.011458 0.042593
0 0.933594 0.651852 0.016146 0.083333
2 0.940885 0.65787 0.118229 0.076852
2 0.514583 0.615278 0.008333 0.012037
2 0.248958 0.637963 0.051042 0.061111
