2 0.045573 0.636574 0.092188 0.199074
2 0.42474 0.611574 0.027604 0.037963
2 0.450781 0.601852 0.010937 0.014815
2 0.461719 0.606481 0.013021 0.018519
2 0.486719 0.606944 0.015104 0.023148
2 0.511198 0.608333 0.021354 0.02963
2 0.571094 0.632407 0.069271 0.090741
1 0.976562 0.647222 0.046875 0.133333
0 0.801562 0.632407 0.014583 0.072222
2 0.818229 0.628241 0.069792 0.065741
2 0.783594 0.626852 0.073438 0.059259
2 0.76276 0.621296 0.070312 0.061111
3 0.74974 0.60787 0.100521 0.080556
2 0.696354 0.619444 0.048958 0.046296
0 0.859115 0.637037 0.016146 0.101852
