2 0.280208 0.65 0.039583 0.044444
2 0.303646 0.64537 0.032292 0.048148
2 0.336198 0.651389 0.038021 0.043519
2 0.357031 0.644444 0.024479 0.044444
2 0.383594 0.652315 0.031771 0.041667
1 0.40651 0.65 0.014063 0.046296
2 0.409635 0.645833 0.023438 0.037963
3 0.421094 0.626389 0.024479 0.049074
2 0.47526 0.631019 0.008854 0.013889
2 0.492188 0.6375 0.010417 0.019444
2 0.497396 0.644444 0.017708 0.024074
4 0.511198 0.629167 0.014063 0.026852
1 0.528125 0.672222 0.05 0.075926
1 0.652865 0.664352 0.013021 0.05463
1 0.614844 0.65463 0.010937 0.042593
1 0.685156 0.668056 0.015104 0.05463
1 0.740625 0.683333 0.025 0.085185
0 0.784115 0.678241 0.015104 0.071296
1 0.90599 0.714352 0.038021 0.130556
2 0.629687 0.644907 0.029167 0.019444
