2 0.036719 0.72963 0.074479 0.346296
1 0.060417 0.622685 0.042708 0.071296
0 0.110156 0.628241 0.032813 0.100926
1 0.135677 0.631019 0.020313 0.093519
1 0.157031 0.650463 0.043229 0.14537
1 0.180729 0.625926 0.044792 0.083333
1 0.215104 0.606481 0.020833 0.048148
1 0.225 0.612963 0.014583 0.055556
1 0.281771 0.630093 0.021875 0.087963
2 0.352083 0.619907 0.041667 0.062037
1 0.318229 0.613426 0.008333 0.034259
2 0.434635 0.645833 0.096354 0.156481
1 0.578125 0.626852 0.025 0.094444
1 0.651042 0.629167 0.021875 0.075
1 0.59349 0.612037 0.018229 0.057407
2 0.734896 0.611574 0.080208 0.049074
3 0.815365 0.60463 0.090104 0.059259
1 0.196875 0.61713 0.014583 0.056481
