1 0.950521 0.743981 0.078125 0.210185
2 0.93151 0.671759 0.096354 0.067593
1 0.79974 0.710185 0.042188 0.118519
5 0.754948 0.690278 0.033854 0.099074
2 0.697917 0.668981 0.052083 0.030556
2 0.570833 0.695833 0.052083 0.076852
2 0.540885 0.674537 0.025521 0.041667
2 0.454427 0.71713 0.118229 0.162037
3 0.407031 0.654167 0.042188 0.075
2 0.365885 0.677315 0.042188 0.049074
2 0.316146 0.677315 0.060417 0.069444
2 0.21875 0.689352 0.092708 0.093519
2 0.075521 0.66713 0.06875 0.052778
2 0.047656 0.706019 0.093229 0.167593
