2 0.048438 0.711574 0.094792 0.175
2 0.129167 0.694907 0.102083 0.126852
2 0.197135 0.690278 0.073438 0.10463
2 0.246875 0.688426 0.05625 0.073148
2 0.278906 0.685648 0.054688 0.062037
2 0.313802 0.681944 0.029687 0.04537
2 0.33099 0.682407 0.036979 0.040741
2 0.361719 0.687037 0.042188 0.048148
2 0.420052 0.679167 0.026562 0.039815
2 0.452344 0.681944 0.030729 0.039815
2 0.484635 0.681944 0.040104 0.069444
1 0.538281 0.698611 0.024479 0.113889
1 0.583854 0.699537 0.027083 0.112037
2 0.642448 0.697222 0.078646 0.085185
2 0.766406 0.714352 0.115104 0.143519
