2 0.154688 0.668056 0.192708 0.187963
4 0.20651 0.600463 0.146354 0.150926
2 0.259115 0.635648 0.121354 0.14537
2 0.335156 0.631944 0.078646 0.102778
3 0.379688 0.616204 0.057292 0.099074
2 0.410417 0.627315 0.033333 0.052778
2 0.420052 0.624537 0.032813 0.047222
2 0.460417 0.616667 0.013542 0.018519
2 0.476823 0.624537 0.029687 0.043519
1 0.497396 0.619444 0.014583 0.031481
2 0.524219 0.626852 0.030729 0.044444
1 0.56901 0.622222 0.009896 0.033333
2 0.750781 0.626389 0.047396 0.037963
0 0.807031 0.631944 0.011979 0.056481
0 0.768229 0.629167 0.010417 0.05463
2 0.435156 0.622685 0.027604 0.039815
