2 0.915104 0.738889 0.169792 0.22037
2 0.640104 0.658796 0.065625 0.067593
3 0.552083 0.626852 0.030208 0.048148
2 0.044271 0.682407 0.089583 0.07963
2 0.194271 0.650926 0.044792 0.046296
3 0.291146 0.631944 0.040625 0.036111
3 0.38125 0.612963 0.033333 0.040741
2 0.434375 0.626852 0.021875 0.042593
2 0.452344 0.631944 0.028646 0.067593
2 0.476823 0.627778 0.013021 0.018519
2 0.486458 0.629167 0.01875 0.026852
2 0.504948 0.630556 0.015104 0.016667
3 0.504427 0.611574 0.015104 0.039815
2 0.514844 0.620833 0.007812 0.012037
