1 0.009896 0.652315 0.019792 0.080556
1 0.1 0.653241 0.033333 0.049074
2 0.215365 0.643519 0.163021 0.118519
1 0.360677 0.636574 0.008854 0.037963
2 0.422917 0.644444 0.066667 0.064815
1 0.430729 0.651389 0.048958 0.093519
1 0.479427 0.654167 0.046354 0.100926
3 0.513802 0.618056 0.050521 0.097222
2 0.570052 0.637037 0.027604 0.016667
1 0.563021 0.638889 0.005208 0.02037
1 0.626823 0.654167 0.015104 0.050926
1 0.639583 0.650926 0.011458 0.053704
1 0.671875 0.660185 0.01875 0.057407
3 0.655469 0.626852 0.052604 0.059259
1 0.829427 0.697222 0.033854 0.107407
2 0.453385 0.637037 0.028646 0.027778
3 0.46276 0.625926 0.013021 0.027778
