2 0.425 0.624537 0.015625 0.025
2 0.410938 0.633333 0.020833 0.031481
2 0.482552 0.661111 0.045312 0.064815
2 0.521615 0.631481 0.020313 0.02963
2 0.539583 0.643519 0.03125 0.048148
2 0.558333 0.659722 0.04375 0.062037
2 0.641927 0.697222 0.115104 0.146296
2 0.803385 0.616667 0.051562 0.025926
2 0.786458 0.614815 0.041667 0.027778
2 0.442969 0.62037 0.014063 0.018519
2 0.482031 0.618981 0.011979 0.017593
3 0.48776 0.605093 0.016146 0.041667
2 0.838802 0.613426 0.029687 0.028704
2 0.508594 0.616204 0.008854 0.013889
