4 0.117969 0.478241 0.117188 0.060185
4 0.271094 0.449074 0.186979 0.092593
2 0.230469 0.474074 0.061979 0.038889
2 0.370573 0.454167 0.088021 0.05463
4 0.492188 0.437963 0.198958 0.085185
2 0.925521 0.406481 0.110417 0.055556
2 0.639323 0.584259 0.015104 0.024074
2 0.672656 0.635648 0.047396 0.032407
1 0.46875 0.649537 0.021875 0.050926
2 0.391667 0.634259 0.016667 0.022222
2 0.421615 0.631944 0.015104 0.023148
2 0.401302 0.632407 0.015104 0.022222
2 0.495833 0.624074 0.016667 0.016667
2 0.550521 0.637963 0.035417 0.025926
