2 0.089063 0.733333 0.177083 0.185185
0 0.215104 0.702778 0.017708 0.083333
2 0.297917 0.707407 0.073958 0.087037
2 0.345313 0.688889 0.032292 0.044444
2 0.38151 0.686574 0.040104 0.062037
4 0.4125 0.688889 0.03125 0.040741
4 0.410677 0.662037 0.042188 0.077778
4 0.442188 0.667593 0.034375 0.057407
2 0.446094 0.684259 0.022396 0.031481
2 0.516406 0.721759 0.099479 0.169444
2 0.698177 0.752778 0.141146 0.164815
1 0.788021 0.733333 0.03125 0.109259
1 0.849219 0.737963 0.033854 0.12037
1 0.863021 0.74537 0.04375 0.131481
1 0.911458 0.74537 0.04375 0.144444
1 0.978646 0.760185 0.042708 0.205556
