2 0.113542 0.863889 0.226042 0.272222
2 0.033333 0.665278 0.066667 0.05463
4 0.179167 0.627778 0.202083 0.138889
2 0.368229 0.627315 0.01875 0.026852
2 0.405469 0.63287 0.081771 0.056481
2 0.446354 0.851852 0.208333 0.294444
2 0.533073 0.647685 0.119271 0.065741
2 0.601823 0.625926 0.094271 0.051852
2 0.745313 0.606944 0.048958 0.036111
2 0.844531 0.618981 0.114062 0.063889
2 0.889062 0.593519 0.05 0.037037
0 0.977604 0.618056 0.020833 0.073148
2 0.342969 0.620833 0.013021 0.023148
2 0.988281 0.596759 0.023438 0.050926
