3 0.095312 0.644907 0.09375 0.082407
2 0.163802 0.671296 0.060937 0.062963
2 0.192708 0.672222 0.029167 0.040741
2 0.220312 0.666667 0.036458 0.053704
3 0.242708 0.649074 0.039583 0.081481
2 0.246354 0.682407 0.061458 0.077778
2 0.290885 0.675 0.032813 0.046296
2 0.316406 0.67963 0.020313 0.033333
2 0.333854 0.683333 0.014583 0.027778
2 0.359635 0.677778 0.027604 0.044444
2 0.448437 0.786574 0.226042 0.35463
0 0.59375 0.686111 0.0125 0.046296
0 0.66875 0.681019 0.0125 0.060185
0 0.714323 0.680556 0.013021 0.061111
0 0.695573 0.68287 0.011979 0.05463
1 0.629167 0.691204 0.021875 0.039815
2 0.780469 0.7 0.130729 0.085185
0 0.830208 0.683796 0.01875 0.075
1 0.847917 0.794907 0.094792 0.308333
2 0.90651 0.68287 0.088021 0.050926
0 0.915104 0.69213 0.019792 0.099074
