1 0.355729 0.675463 0.042708 0.100926
2 0.313542 0.65787 0.047917 0.062037
2 0.356771 0.655093 0.03125 0.043519
2 0.403646 0.651389 0.032292 0.047222
2 0.510156 0.64213 0.019271 0.028704
2 0.658333 0.668519 0.044792 0.059259
2 0.623437 0.656944 0.03125 0.05463
2 0.613021 0.658796 0.029167 0.047222
0 0.696615 0.671296 0.017188 0.081481
3 0.94401 0.635185 0.110937 0.22037
1 0.197917 0.671759 0.01875 0.073148
1 0.180208 0.666204 0.035417 0.067593
0 0.149479 0.677315 0.01875 0.080556
0 0.136719 0.681944 0.017188 0.073148
0 0.115104 0.683796 0.0125 0.075
0 0.092969 0.672685 0.017188 0.091667
0 0.036719 0.687037 0.029687 0.124074
0 0.061458 0.675926 0.015625 0.088889
0 0.007292 0.684722 0.014583 0.082407
