1 0.246094 0.691204 0.070312 0.141667
2 0.754167 0.666667 0.066667 0.116667
1 0.671875 0.657407 0.010417 0.040741
1 0.653385 0.657407 0.008854 0.037037
2 0.985677 0.740741 0.027604 0.148148
2 0.953385 0.699537 0.092188 0.143519
2 0.923958 0.677778 0.095833 0.125926
2 0.876823 0.675463 0.051562 0.071296
2 0.841146 0.660648 0.025 0.036111
2 0.823958 0.656481 0.015625 0.022222
1 0.810156 0.651852 0.005729 0.022222
1 0.793229 0.65463 0.00625 0.018519
2 0.896875 0.675926 0.057292 0.098148
2 0.86224 0.67037 0.036979 0.062963
