2 0.76875 0.594907 0.069792 0.062037
2 0.683073 0.598148 0.153646 0.131481
2 0.639323 0.603704 0.094271 0.088889
0 0.524219 0.6 0.008854 0.044444
2 0.444531 0.600463 0.013021 0.019444
2 0.430469 0.6 0.008854 0.014815
2 0.413021 0.599537 0.009375 0.013889
2 0.403385 0.602315 0.020313 0.019444
2 0.376563 0.604167 0.036458 0.052778
2 0.3375 0.596296 0.023958 0.048148
2 0.321094 0.606481 0.026562 0.02963
2 0.297396 0.609722 0.033333 0.034259
2 0.265365 0.611574 0.034896 0.039815
2 0.197396 0.651852 0.1375 0.157407
2 0.011458 0.624074 0.022917 0.125926
