3 0.988802 0.74537 0.019271 0.064815
0 0.965365 0.74537 0.015104 0.085185
3 0.957031 0.708796 0.085938 0.082407
3 0.883594 0.728704 0.083854 0.061111
2 0.88099 0.718519 0.057812 0.066667
1 0.871875 0.750926 0.029167 0.085185
3 0.853906 0.72037 0.080729 0.07037
2 0.673177 0.729167 0.072396 0.091667
2 0.506771 0.802315 0.357292 0.39537
2 0.369792 0.672222 0.023958 0.038889
4 0.38099 0.655093 0.030729 0.052778
4 0.300521 0.647685 0.109375 0.086111
1 0.226823 0.664815 0.019271 0.038889
0 0.109375 0.65 0.011458 0.051852
1 0.086979 0.649074 0.014583 0.046296
