0 0.074479 0.611574 0.025 0.099074
0 0.098958 0.611574 0.019792 0.100926
0 0.23099 0.626389 0.011979 0.065741
0 0.242969 0.628704 0.011979 0.066667
0 0.248958 0.629167 0.009375 0.063889
0 0.285417 0.640278 0.0125 0.063889
0 0.2625 0.632407 0.0125 0.057407
0 0.272656 0.634259 0.011979 0.061111
2 0.452344 0.65 0.071354 0.12037
2 0.498958 0.665278 0.023958 0.036111
2 0.541667 0.659722 0.052083 0.073148
1 0.615365 0.666667 0.018229 0.066667
1 0.753646 0.69537 0.059375 0.162963
0 0.769792 0.669444 0.019792 0.107407
4 0.496615 0.658333 0.027604 0.046296
2 0.413802 0.663426 0.015104 0.023148
1 0.389583 0.6625 0.009375 0.025
