2 0.073698 0.697685 0.148438 0.60463
2 0.230469 0.665741 0.081771 0.081481
2 0.295573 0.656019 0.038021 0.050926
2 0.34375 0.688426 0.125 0.14537
4 0.365625 0.618519 0.127083 0.153704
2 0.430469 0.652315 0.013021 0.023148
2 0.439323 0.651389 0.014063 0.025
2 0.454167 0.655093 0.017708 0.032407
2 0.479167 0.668056 0.044792 0.062037
2 0.501563 0.659722 0.022917 0.043519
2 0.972135 0.688426 0.055729 0.049074
2 0.89375 0.682407 0.065625 0.053704
2 0.857552 0.686111 0.074479 0.053704
1 0.65651 0.690278 0.020313 0.052778
