2 0.291406 0.656481 0.051562 0.07963
2 0.428906 0.663426 0.053646 0.069444
4 0.436458 0.640278 0.016667 0.04537
2 0.476562 0.646296 0.027083 0.048148
2 0.484115 0.638889 0.016146 0.031481
4 0.514062 0.627778 0.030208 0.07037
0 0.752344 0.652315 0.009896 0.052778
0 0.77474 0.649537 0.009896 0.058333
0 0.807552 0.657407 0.014063 0.068519
0 0.844531 0.677778 0.021354 0.1
0 0.860417 0.66713 0.020833 0.091667
0 0.786979 0.656019 0.010417 0.058333
0 0.897135 0.669907 0.021354 0.091667
0 0.88724 0.664352 0.016146 0.093519
