2 0.946094 0.609259 0.107812 0.075926
4 0.909115 0.57037 0.180729 0.131481
0 0.785417 0.601852 0.010417 0.07037
0 0.710417 0.60463 0.009375 0.055556
0 0.690885 0.653241 0.059896 0.282407
0 0.519531 0.678241 0.134896 0.419444
1 0.563021 0.650926 0.141667 0.251852
1 0.588021 0.630093 0.092708 0.136111
2 0.458594 0.6125 0.051562 0.050926
1 0.404427 0.63287 0.067187 0.113889
1 0.365885 0.631944 0.076563 0.136111
2 0.410677 0.620833 0.149479 0.087963
2 0.31224 0.623148 0.090104 0.068519
2 0.247656 0.629167 0.160938 0.091667
1 0.113021 0.70787 0.226042 0.476852
2 0.030208 0.625463 0.060417 0.134259
