1 0.298177 0.650463 0.010937 0.041667
1 0.315104 0.653241 0.011458 0.037963
0 0.326823 0.652778 0.006771 0.031481
3 0.355208 0.636111 0.034375 0.031481
1 0.356771 0.646296 0.007292 0.027778
1 0.377344 0.64213 0.005729 0.023148
1 0.388281 0.644444 0.006771 0.024074
2 0.404948 0.638426 0.020313 0.019444
2 0.414323 0.642593 0.021354 0.035185
3 0.434635 0.625 0.038021 0.087037
2 0.482292 0.639815 0.017708 0.027778
2 0.50599 0.624074 0.008854 0.016667
2 0.505208 0.634259 0.011458 0.02037
2 0.510156 0.638426 0.015104 0.030556
2 0.532552 0.648611 0.034896 0.058333
2 0.592187 0.689352 0.119792 0.167593
2 0.608594 0.629167 0.046354 0.09537
2 0.6375 0.670833 0.077083 0.117593
2 0.670833 0.657407 0.04375 0.066667
2 0.726823 0.66713 0.103646 0.128704
2 0.909896 0.710648 0.179167 0.278704
