4 0.098698 0.561574 0.196354 0.417593
2 0.261979 0.6125 0.173958 0.262037
2 0.353385 0.62963 0.058854 0.090741
2 0.402865 0.628704 0.023438 0.038889
3 0.373177 0.600926 0.025521 0.055556
2 0.482292 0.709259 0.192708 0.277778
2 0.52526 0.612037 0.120313 0.194444
1 0.665365 0.683333 0.070312 0.201852
2 0.665104 0.640278 0.109375 0.089815
1 0.610938 0.627315 0.020833 0.043519
1 0.740104 0.710648 0.097917 0.243519
1 0.841667 0.749537 0.13125 0.378704
0 0.769271 0.622222 0.016667 0.066667
2 0.890365 0.618056 0.086979 0.058333
4 0.936458 0.59213 0.126042 0.102778
