2 0.023958 0.664815 0.047917 0.064815
2 0.077865 0.669444 0.081771 0.055556
1 0.177344 0.689352 0.048438 0.117593
2 0.23099 0.683796 0.089063 0.052778
2 0.333594 0.703241 0.152604 0.097222
2 0.380208 0.701852 0.114583 0.083333
2 0.411198 0.693056 0.085938 0.076852
1 0.50651 0.716667 0.068229 0.137037
1 0.456771 0.697222 0.026042 0.053704
1 0.571615 0.707407 0.030729 0.051852
1 0.623958 0.726852 0.070833 0.127778
1 0.711198 0.715741 0.032813 0.057407
2 0.79974 0.733796 0.133854 0.097222
1 0.865625 0.723611 0.035417 0.056481
1 0.952865 0.755093 0.088021 0.130556
1 0.958854 0.747685 0.079167 0.136111
0 0.904687 0.767593 0.061458 0.277778
1 0.598958 0.705093 0.033333 0.060185
0 0.989323 0.723611 0.008854 0.047222
