2 0.044792 0.62037 0.0875 0.109259
0 0.183854 0.622222 0.0125 0.061111
1 0.242969 0.651852 0.044271 0.151852
1 0.261979 0.634722 0.025 0.123148
1 0.354167 0.63287 0.013542 0.047222
1 0.334896 0.636111 0.010417 0.035185
2 0.414323 0.636111 0.039062 0.042593
2 0.4375 0.630556 0.011458 0.018519
0 0.467708 0.635648 0.010417 0.050926
2 0.458854 0.628704 0.010417 0.016667
2 0.488281 0.631481 0.009896 0.014815
2 0.51849 0.635185 0.027604 0.035185
2 0.536198 0.639815 0.009896 0.044444
1 0.592187 0.64213 0.041667 0.065741
2 0.673177 0.683333 0.145313 0.17963
2 0.833073 0.779167 0.332813 0.371296
0 0.488802 0.651852 0.009896 0.025926
