2 0.133854 0.630093 0.169792 0.099074
2 0.348698 0.631481 0.089063 0.051852
1 0.526302 0.627778 0.011979 0.037037
0 0.6 0.625 0.008333 0.035185
1 0.61901 0.656944 0.043229 0.126852
1 0.676302 0.657407 0.040104 0.135185
0 0.703385 0.625926 0.008854 0.040741
1 0.720573 0.667593 0.051562 0.140741
1 0.74349 0.661111 0.045312 0.138889
0 0.749219 0.631481 0.010937 0.055556
1 0.761719 0.650926 0.030729 0.112963
1 0.81901 0.653704 0.032813 0.090741
2 0.833073 0.6375 0.129688 0.106481
0 0.928125 0.640278 0.027083 0.093519
