0 0.164062 0.66713 0.011458 0.041667
1 0.217969 0.666204 0.028646 0.043519
2 0.295573 0.662963 0.098437 0.062963
2 0.34401 0.666204 0.025521 0.036111
2 0.357292 0.658796 0.032292 0.050926
3 0.380729 0.653704 0.0375 0.077778
2 0.419792 0.666204 0.097917 0.071296
2 0.46224 0.666204 0.027604 0.047222
0 0.55 0.672222 0.007292 0.040741
2 0.523177 0.669444 0.046354 0.046296
2 0.633594 0.673611 0.126562 0.084259
3 0.66276 0.650926 0.074479 0.064815
2 0.689583 0.675463 0.092708 0.067593
1 0.742188 0.681019 0.0125 0.049074
2 0.827344 0.684259 0.139063 0.07037
