2 0.902083 0.839352 0.196875 0.319444
1 0.917708 0.72963 0.044792 0.155556
2 0.734896 0.754167 0.169792 0.208333
2 0.748958 0.64537 0.098958 0.066667
2 0.716927 0.630556 0.073438 0.053704
2 0.630729 0.658796 0.119792 0.173148
2 0.576042 0.629167 0.091667 0.058333
4 0.430208 0.576852 0.164583 0.105556
2 0.477604 0.612037 0.096875 0.072222
2 0.403906 0.620833 0.093229 0.065741
0 0.378646 0.631944 0.01875 0.10463
2 0.46224 0.668056 0.101562 0.134259
2 0.465885 0.831019 0.221354 0.326852
1 0.288542 0.621296 0.022917 0.087037
2 0.239844 0.612037 0.113021 0.07037
2 0.206771 0.590741 0.102083 0.055556
1 0.344531 0.597685 0.024479 0.04537
