0 0.041146 0.634259 0.013542 0.068519
0 0.061198 0.631019 0.016146 0.071296
0 0.085677 0.634722 0.016146 0.071296
2 0.319271 0.642593 0.078125 0.059259
2 0.360156 0.6375 0.025521 0.030556
4 0.388802 0.623611 0.022396 0.023148
4 0.420052 0.618519 0.042188 0.092593
1 0.451823 0.639352 0.009896 0.030556
1 0.467969 0.641204 0.008854 0.034259
0 0.488802 0.654167 0.014063 0.063889
2 0.510417 0.645833 0.030208 0.050926
2 0.530208 0.650926 0.052083 0.072222
2 0.557292 0.668519 0.053125 0.087037
2 0.591667 0.678241 0.086458 0.10463
2 0.847135 0.766667 0.304688 0.318519
