2 0.915104 0.880093 0.167708 0.237963
2 0.854167 0.641204 0.098958 0.062037
1 0.779687 0.60787 0.019792 0.04537
2 0.725 0.737037 0.1875 0.231481
2 0.649219 0.691667 0.094271 0.124074
2 0.668229 0.635648 0.096875 0.126852
2 0.480208 0.551852 0.008333 0.014815
2 0.530729 0.632407 0.129167 0.075926
2 0.503385 0.608333 0.091146 0.057407
2 0.466146 0.693519 0.132292 0.168519
0 0.410417 0.615741 0.027083 0.085185
0 0.379167 0.644907 0.021875 0.125
1 0.352604 0.597222 0.028125 0.055556
2 0.470312 0.85787 0.355208 0.286111
1 0.275781 0.625463 0.026562 0.089815
0 0.257812 0.634722 0.020833 0.099074
0 0.204687 0.644907 0.021875 0.121296
2 0.258854 0.599537 0.134375 0.130556
