1 0.856771 0.627315 0.028125 0.04537
3 0.696615 0.676389 0.208854 0.280556
2 0.591146 0.634259 0.083333 0.148148
2 0.533854 0.623611 0.032292 0.047222
2 0.49974 0.618981 0.031771 0.049074
2 0.503385 0.637963 0.041146 0.064815
2 0.471875 0.725926 0.101042 0.164815
4 0.466406 0.596759 0.009896 0.017593
2 0.453906 0.611111 0.014063 0.022222
2 0.448437 0.614352 0.014583 0.025
2 0.433333 0.618056 0.023958 0.032407
2 0.380469 0.637037 0.057812 0.083333
3 0.285156 0.605556 0.092188 0.07963
2 0.282292 0.704167 0.11875 0.14537
2 0.186979 0.674537 0.098958 0.102778
2 0.216927 0.598148 0.041146 0.035185
2 0.164583 0.6 0.045833 0.035185
2 0.132292 0.6 0.0375 0.035185
2 0.108594 0.593981 0.033854 0.026852
2 0.071615 0.6 0.041146 0.035185
2 0.03151 0.599074 0.046354 0.035185
