2 0.021354 0.635185 0.040625 0.027778
1 0.126823 0.654167 0.020313 0.060185
2 0.214583 0.631944 0.034375 0.023148
1 0.327344 0.637037 0.008854 0.027778
1 0.342969 0.637037 0.006771 0.024074
1 0.365885 0.635648 0.006771 0.017593
5 0.354167 0.635185 0.007292 0.022222
1 0.754427 0.646759 0.021354 0.062037
2 0.557031 0.646759 0.053646 0.075
2 0.522135 0.639815 0.028646 0.048148
3 0.502604 0.625463 0.015625 0.034259
2 0.507812 0.635185 0.019792 0.033333
2 0.4875 0.634259 0.015625 0.024074
2 0.472656 0.636111 0.018229 0.02963
2 0.452344 0.630556 0.010937 0.016667
3 0.441667 0.621296 0.0125 0.027778
4 0.428385 0.624537 0.017188 0.034259
2 0.40625 0.634259 0.014583 0.02037
0 0.391667 0.632407 0.004167 0.02037
0 0.382812 0.63287 0.005208 0.017593
