0 0.229948 0.652778 0.027604 0.190741
2 0.14375 0.665741 0.140625 0.140741
2 0.055208 0.637037 0.111458 0.112963
2 0.090625 0.628241 0.129167 0.082407
2 0.188281 0.615741 0.099479 0.07963
2 0.355208 0.618056 0.028125 0.041667
2 0.398438 0.619444 0.026042 0.037037
2 0.438802 0.623148 0.029687 0.046296
1 0.480208 0.616667 0.011458 0.031481
2 0.549219 0.637037 0.071354 0.096296
1 0.5625 0.658333 0.034375 0.133333
2 0.585938 0.651852 0.091667 0.101852
2 0.654948 0.665741 0.147396 0.190741
2 0.801562 0.723148 0.28125 0.257407
2 0.93776 0.807407 0.124479 0.342593
2 0.25599 0.614815 0.063021 0.046296
2 0.528646 0.636111 0.047917 0.07037
2 0.516927 0.626389 0.045312 0.069444
