0 0.030729 0.655556 0.019792 0.1
2 0.33724 0.680556 0.153646 0.146296
4 0.482031 0.640741 0.035937 0.055556
4 0.502865 0.640741 0.027604 0.040741
2 0.510417 0.661574 0.032292 0.04537
2 0.536458 0.655093 0.01875 0.026852
2 0.553125 0.652778 0.011458 0.02037
4 0.529687 0.643056 0.017708 0.036111
4 0.59349 0.648611 0.014063 0.026852
2 0.601302 0.656481 0.018229 0.025926
2 0.627604 0.662037 0.03125 0.057407
2 0.692448 0.688889 0.102604 0.124074
1 0.792188 0.677778 0.019792 0.057407
2 0.831771 0.668519 0.035417 0.035185
2 0.902865 0.671759 0.028646 0.043519
2 0.925521 0.668981 0.0375 0.052778
2 0.973698 0.671296 0.049479 0.07037
0 0.984115 0.694444 0.031771 0.124074
