2 0.094531 0.739815 0.189062 0.52037
2 0.122656 0.676852 0.157812 0.159259
2 0.207031 0.636111 0.064062 0.040741
2 0.286719 0.651852 0.100521 0.111111
2 0.346875 0.663889 0.138542 0.172222
3 0.35625 0.597222 0.047917 0.075926
2 0.429427 0.620833 0.027604 0.04537
2 0.513281 0.718519 0.206771 0.294444
1 0.65026 0.6125 0.014063 0.04537
1 0.671615 0.613889 0.009896 0.040741
1 0.686979 0.612037 0.01875 0.042593
0 0.710156 0.59213 0.005729 0.028704
2 0.95625 0.597685 0.0875 0.05463
2 0.593229 0.598611 0.011458 0.013889
2 0.921615 0.600926 0.093229 0.05
