0 0.67526 0.622685 0.021354 0.113889
0 0.573438 0.616667 0.0125 0.068519
0 0.546615 0.605556 0.004687 0.02963
2 0.525 0.628704 0.052083 0.061111
3 0.478385 0.606481 0.013021 0.031481
1 0.463802 0.613889 0.004687 0.024074
2 0.453906 0.612037 0.011979 0.016667
2 0.426302 0.620833 0.023438 0.041667
2 0.40651 0.623148 0.043229 0.061111
2 0.382812 0.63287 0.066667 0.089815
2 0.306771 0.644444 0.103125 0.111111
0 0.217188 0.639352 0.025 0.121296
0 0.184896 0.653704 0.023958 0.122222
0 0.166146 0.625926 0.014583 0.081481
2 0.084896 0.640278 0.163542 0.169444
