0 0.115885 0.680093 0.011979 0.04537
4 0.227083 0.651852 0.136458 0.194444
2 0.331771 0.702778 0.029167 0.042593
2 0.368229 0.708333 0.048958 0.077778
2 0.397656 0.696759 0.031771 0.069444
2 0.408854 0.700926 0.029167 0.051852
2 0.416927 0.699074 0.023438 0.046296
2 0.497656 0.702315 0.007812 0.012037
2 0.489063 0.701389 0.010417 0.015741
2 0.534115 0.709722 0.027604 0.036111
2 0.427604 0.700463 0.01875 0.034259
4 0.442448 0.692593 0.015104 0.040741
2 0.434635 0.703241 0.013021 0.026852
2 0.451823 0.701389 0.011979 0.019444
2 0.458073 0.699074 0.013021 0.024074
0 0.633594 0.715278 0.009896 0.049074
2 0.74349 0.773148 0.220312 0.22963
2 0.835156 0.763889 0.159896 0.168519
2 0.885417 0.729167 0.083333 0.071296
1 0.940625 0.750463 0.036458 0.117593
0 0.983333 0.728241 0.010417 0.058333
