0 0.038802 0.584722 0.017188 0.084259
0 0.108594 0.591667 0.015104 0.087037
0 0.153646 0.602778 0.019792 0.07963
0 0.148958 0.590741 0.015625 0.062963
1 0.24349 0.603704 0.018229 0.062963
0 0.30599 0.601389 0.017188 0.067593
4 0.31875 0.577315 0.035417 0.078704
0 0.355469 0.603704 0.016146 0.077778
1 0.375781 0.596759 0.010937 0.047222
0 0.378906 0.608796 0.015104 0.063889
1 0.423437 0.663426 0.060417 0.239815
0 0.421354 0.642593 0.05625 0.198148
2 0.478646 0.599074 0.105208 0.168519
3 0.675521 0.626852 0.364583 0.261111
2 0.80026 0.691204 0.400521 0.613889
