2 0.05026 0.750463 0.100521 0.312037
2 0.182292 0.687037 0.109375 0.138889
2 0.289844 0.669444 0.094271 0.103704
2 0.359635 0.654167 0.056771 0.065741
2 0.42526 0.652315 0.030729 0.037963
2 0.405729 0.651852 0.025 0.037037
2 0.445573 0.646759 0.022396 0.037963
2 0.470833 0.644907 0.017708 0.026852
2 0.457031 0.64537 0.015104 0.024074
2 0.547135 0.672222 0.106771 0.166667
2 0.703125 0.666667 0.116667 0.137037
2 0.865625 0.641204 0.10625 0.056481
2 0.633594 0.639352 0.015104 0.021296
1 0.849219 0.642593 0.026562 0.090741
1 0.810937 0.641667 0.023958 0.057407
1 0.985417 0.636111 0.028125 0.072222
2 0.745573 0.637037 0.080729 0.074074
1 0.608854 0.643519 0.007292 0.02963
