2 0.934375 0.764815 0.13125 0.174074
2 0.447656 0.790278 0.335938 0.415741
2 0.334115 0.723148 0.124479 0.224074
3 0.304948 0.650463 0.067187 0.112037
3 0.228385 0.66713 0.067187 0.115741
2 0.209375 0.693519 0.078125 0.107407
2 0.178646 0.658333 0.014583 0.022222
2 0.157552 0.669907 0.039062 0.052778
2 0.1375 0.660648 0.0125 0.019444
3 0.133854 0.652315 0.0125 0.026852
3 0.118229 0.650463 0.01875 0.039815
2 0.110937 0.654167 0.019792 0.030556
1 0.070312 0.655556 0.013542 0.022222
2 0.023958 0.64537 0.046875 0.037037
