4 0.240885 0.471759 0.126562 0.058333
2 0.580469 0.429167 0.119271 0.080556
2 0.947396 0.416667 0.101042 0.07037
2 0.965104 0.659259 0.069792 0.081481
1 0.802865 0.651852 0.023438 0.072222
2 0.730208 0.631019 0.0375 0.030556
2 0.565625 0.660648 0.14375 0.082407
2 0.7125 0.632407 0.030208 0.025926
2 0.513021 0.620833 0.030208 0.023148
2 0.476823 0.626852 0.009896 0.012963
2 0.392188 0.633796 0.016667 0.021296
2 0.402083 0.631944 0.0125 0.021296
2 0.421875 0.631019 0.016667 0.023148
3 0.182031 0.611574 0.082812 0.093519
