2 0.051823 0.571759 0.073438 0.047222
1 0.164583 0.577315 0.013542 0.049074
1 0.132292 0.574537 0.0125 0.050926
2 0.252083 0.560648 0.007292 0.012037
2 0.235937 0.55787 0.020833 0.012037
2 0.279687 0.565278 0.007292 0.012037
1 0.217708 0.572685 0.009375 0.032407
4 0.295052 0.562963 0.016146 0.02037
2 0.298958 0.568981 0.010417 0.013889
3 0.309635 0.563889 0.016146 0.031481
2 0.309375 0.573148 0.013542 0.018519
3 0.328646 0.566204 0.020833 0.034259
2 0.332813 0.576852 0.011458 0.018519
2 0.347135 0.574537 0.021354 0.036111
2 0.345573 0.581019 0.015104 0.021296
2 0.357292 0.582407 0.021875 0.035185
2 0.367188 0.588426 0.028125 0.043519
3 0.393229 0.573611 0.027083 0.058333
3 0.430208 0.581019 0.033333 0.075
2 0.411719 0.590741 0.023438 0.044444
2 0.40026 0.593519 0.019271 0.031481
2 0.489063 0.614815 0.052083 0.077778
1 0.558073 0.61713 0.014063 0.05463
