2 0.391667 0.649537 0.047917 0.062037
2 0.368229 0.651389 0.028125 0.041667
2 0.438802 0.647222 0.024479 0.031481
2 0.457292 0.640278 0.015625 0.021296
2 0.490625 0.669907 0.070833 0.106481
2 0.5375 0.651389 0.03125 0.043519
2 0.580208 0.662963 0.075 0.105556
1 0.640365 0.663889 0.017188 0.068519
1 0.66224 0.672222 0.019271 0.07963
1 0.61901 0.657407 0.008854 0.042593
1 0.680729 0.67037 0.020833 0.109259
1 0.723958 0.682407 0.028125 0.101852
1 0.738021 0.682407 0.032292 0.131481
1 0.832031 0.700926 0.064062 0.185185
1 0.883073 0.705093 0.061979 0.169444
2 0.884375 0.684722 0.108333 0.097222
0 0.983073 0.673148 0.025521 0.131481
