4 0.046094 0.603704 0.092188 0.246296
2 0.055469 0.691204 0.109896 0.175
2 0.223177 0.662963 0.108854 0.103704
2 0.28125 0.640741 0.05625 0.068519
2 0.315365 0.643981 0.070312 0.091667
2 0.350781 0.643981 0.044271 0.050926
2 0.389844 0.638889 0.035937 0.042593
2 0.414844 0.632407 0.028646 0.044444
2 0.429427 0.627315 0.016146 0.023148
2 0.514062 0.631944 0.022917 0.034259
2 0.565104 0.635648 0.035417 0.04537
3 0.80625 0.541667 0.321875 0.52037
3 0.383854 0.626389 0.039583 0.047222
2 0.552083 0.625463 0.016667 0.021296
