4 0.246875 0.451389 0.126042 0.084259
3 0.290365 0.452778 0.126562 0.075926
3 0.969531 0.378241 0.060937 0.102778
1 0.752344 0.649074 0.022396 0.075926
2 0.728906 0.631944 0.045312 0.032407
1 0.691146 0.647685 0.01875 0.063889
1 0.538542 0.631019 0.005208 0.025
2 0.505208 0.635648 0.020833 0.034259
2 0.510156 0.634259 0.017188 0.031481
2 0.49401 0.625926 0.009896 0.016667
3 0.476302 0.621759 0.007812 0.015741
2 0.41276 0.6375 0.024479 0.036111
2 0.380469 0.638889 0.020313 0.027778
2 0.396354 0.63287 0.013542 0.023148
2 0.429948 0.628704 0.010937 0.016667
