0 0.079427 0.687037 0.032813 0.190741
2 0.169271 0.694907 0.114583 0.113889
2 0.314583 0.72963 0.295833 0.375926
2 0.43724 0.659722 0.045312 0.062037
0 0.466146 0.663889 0.008333 0.040741
3 0.514323 0.651852 0.034896 0.044444
3 0.55026 0.673148 0.057812 0.088889
2 0.569271 0.665741 0.032292 0.061111
3 0.588542 0.653241 0.011458 0.030556
0 0.530729 0.690278 0.033333 0.134259
0 0.596354 0.660648 0.009375 0.043519
0 0.603906 0.658333 0.010937 0.038889
1 0.645833 0.676389 0.019792 0.084259
1 0.665365 0.670833 0.018229 0.089815
0 0.71875 0.655093 0.009375 0.060185
0 0.73099 0.652778 0.008854 0.062963
0 0.783073 0.658796 0.017188 0.09537
