2 0.074479 0.651852 0.042708 0.031481
2 0.01849 0.652778 0.036979 0.038889
2 0.309375 0.672685 0.08125 0.110185
2 0.421615 0.643519 0.014063 0.02037
2 0.433333 0.630093 0.009375 0.015741
2 0.442708 0.640741 0.009375 0.018519
2 0.443229 0.631019 0.009375 0.017593
2 0.503646 0.656019 0.034375 0.067593
2 0.620052 0.637963 0.039062 0.033333
0 0.61276 0.639815 0.005729 0.02963
0 0.61875 0.640741 0.00625 0.02963
2 0.681771 0.64213 0.04375 0.030556
0 0.836458 0.676852 0.025 0.116667
0 0.469792 0.643056 0.005208 0.026852
