2 0.255469 0.631019 0.027604 0.025
2 0.364323 0.634722 0.071354 0.04537
2 0.41224 0.634259 0.021354 0.027778
2 0.44349 0.631944 0.020313 0.028704
1 0.494271 0.633796 0.021875 0.032407
4 0.440885 0.616204 0.027604 0.04537
2 0.465365 0.623148 0.018229 0.025926
2 0.504948 0.630093 0.020313 0.030556
1 0.663542 0.628241 0.017708 0.063889
1 0.721094 0.638426 0.029687 0.100926
2 0.878906 0.617593 0.081771 0.061111
2 0.941927 0.641204 0.115104 0.106481
2 0.490104 0.627315 0.014583 0.026852
2 0.477344 0.621296 0.010937 0.014815
0 0.575781 0.627315 0.006771 0.041667
3 0.197917 0.631944 0.028125 0.028704
