1 0.641927 0.772685 0.025521 0.100926
1 0.572135 0.759722 0.024479 0.065741
2 0.417708 0.73287 0.015625 0.030556
2 0.401562 0.730556 0.010417 0.012963
3 0.401562 0.718981 0.014583 0.036111
2 0.388542 0.731481 0.013542 0.022222
1 0.379688 0.733333 0.008333 0.033333
2 0.370312 0.729167 0.014583 0.021296
2 0.348958 0.73287 0.017708 0.025
3 0.35 0.712963 0.017708 0.035185
3 0.307292 0.725463 0.038542 0.060185
3 0.285417 0.715741 0.032292 0.064815
2 0.061458 0.711111 0.064583 0.05
2 0.266667 0.726389 0.029167 0.019444
