0 0.98776 0.701852 0.017188 0.081481
0 0.96875 0.7 0.020833 0.085185
1 0.931771 0.710185 0.054167 0.116667
0 0.891667 0.698148 0.017708 0.07963
0 0.767188 0.693981 0.010417 0.04537
0 0.745833 0.694907 0.007292 0.041667
0 0.617969 0.688426 0.008854 0.041667
2 0.5 0.715741 0.104167 0.151852
2 0.402865 0.673611 0.022396 0.039815
2 0.390885 0.673611 0.015104 0.019444
4 0.386458 0.664815 0.013542 0.027778
2 0.363021 0.66713 0.008333 0.012037
2 0.352083 0.67037 0.013542 0.018519
4 0.298177 0.65787 0.025521 0.052778
2 0.321615 0.678704 0.039062 0.055556
2 0.248177 0.677315 0.044271 0.05463
