2 0.026302 0.630556 0.052604 0.068519
2 0.151823 0.6375 0.085938 0.058333
1 0.233594 0.650926 0.015104 0.031481
1 0.260677 0.650463 0.014063 0.030556
2 0.295833 0.648611 0.019792 0.034259
2 0.324479 0.646759 0.025 0.037963
2 0.370833 0.644444 0.072917 0.044444
2 0.483594 0.64213 0.088021 0.050926
3 0.538802 0.616667 0.116146 0.105556
1 0.610156 0.654167 0.065104 0.121296
3 0.678385 0.628241 0.123437 0.091667
2 0.825 0.647222 0.053125 0.037037
0 0.875781 0.643056 0.015104 0.04537
5 0.965104 0.670833 0.070833 0.187963
2 0.347135 0.643519 0.022396 0.042593
1 0.279167 0.650926 0.009375 0.02963
