2 0.935937 0.6375 0.105208 0.10463
2 0.841406 0.655093 0.130729 0.115741
0 0.860677 0.655556 0.041146 0.251852
0 0.691667 0.630556 0.021875 0.105556
2 0.579688 0.646759 0.190625 0.126852
2 0.502865 0.630093 0.071354 0.087963
2 0.41276 0.611574 0.093229 0.112037
0 0.37526 0.627778 0.031771 0.12037
2 0.33151 0.621759 0.074479 0.093519
0 0.27526 0.623611 0.022396 0.102778
0 0.266146 0.622685 0.033333 0.117593
2 0.239062 0.613889 0.107292 0.103704
2 0.171354 0.6125 0.098958 0.097222
0 0.166146 0.62037 0.01875 0.103704
2 0.066927 0.618519 0.129688 0.148148
