2 0.895573 0.593519 0.080729 0.061111
2 0.971615 0.593981 0.057812 0.049074
1 0.56224 0.613426 0.020313 0.058333
2 0.441927 0.623611 0.020313 0.036111
4 0.441667 0.610648 0.016667 0.037963
2 0.421875 0.615741 0.008333 0.018519
2 0.419271 0.62037 0.010417 0.022222
2 0.410417 0.620833 0.016667 0.026852
2 0.383594 0.618056 0.043229 0.060185
2 0.355208 0.620833 0.026042 0.037963
2 0.295573 0.651852 0.109896 0.142593
2 0.177604 0.646759 0.117708 0.117593
4 0.060417 0.59537 0.119792 0.188889
2 0.214583 0.619444 0.042708 0.055556
