2 0.178385 0.629167 0.184896 0.117593
2 0.194792 0.627315 0.15625 0.100926
2 0.035677 0.637037 0.070312 0.074074
2 0.052083 0.627778 0.08125 0.07037
2 0.402083 0.621759 0.033333 0.047222
1 0.330469 0.623611 0.013021 0.043519
1 0.313281 0.624537 0.010937 0.043519
1 0.346875 0.622685 0.0125 0.041667
3 0.414583 0.60787 0.029167 0.052778
2 0.476302 0.639815 0.114062 0.068519
2 0.501042 0.639352 0.1 0.060185
2 0.448698 0.615741 0.022396 0.040741
2 0.508333 0.621296 0.025 0.051852
1 0.63776 0.644444 0.007812 0.037037
2 0.700781 0.655093 0.119271 0.067593
3 0.730208 0.623611 0.152083 0.130556
2 0.865885 0.665278 0.134896 0.087963
2 0.872917 0.615741 0.170833 0.133333
