0 0.680729 0.660185 0.015625 0.064815
1 0.632031 0.66713 0.031771 0.067593
2 0.334635 0.647685 0.056771 0.063889
1 0.276042 0.641204 0.009375 0.028704
2 0.23776 0.640278 0.032813 0.041667
2 0.16849 0.637037 0.017188 0.025926
2 0.157031 0.6375 0.023438 0.028704
2 0.127865 0.631944 0.016146 0.025
2 0.11901 0.631481 0.013021 0.018519
2 0.105208 0.630556 0.009375 0.012963
3 0.08099 0.625 0.010937 0.024074
3 0.069792 0.622222 0.007292 0.016667
2 0.091146 0.633796 0.015625 0.021296
2 0.065885 0.632407 0.014063 0.02037
2 0.026042 0.726389 0.052083 0.260185
