1 0.79349 0.642593 0.096354 0.190741
0 0.693229 0.631944 0.025 0.132407
0 0.726302 0.617593 0.019271 0.092593
0 0.756771 0.618981 0.014583 0.082407
0 0.664323 0.620833 0.014063 0.078704
0 0.680208 0.614352 0.016667 0.087963
0 0.628385 0.60787 0.011979 0.058333
3 0.494792 0.606944 0.027083 0.067593
1 0.473438 0.618981 0.010417 0.037963
2 0.456771 0.614352 0.0125 0.021296
2 0.446875 0.617593 0.016667 0.02963
2 0.435677 0.618056 0.021354 0.032407
2 0.421354 0.618519 0.026042 0.038889
2 0.370052 0.643519 0.085938 0.114815
2 0.276562 0.635185 0.078125 0.087037
2 0.227083 0.625463 0.063542 0.093519
1 0.107031 0.636111 0.030729 0.107407
1 0.045052 0.638426 0.032813 0.115741
