2 0.097135 0.659722 0.099479 0.062037
1 0.058854 0.665741 0.025 0.044444
0 0.177083 0.668519 0.009375 0.040741
1 0.2125 0.667593 0.014583 0.037037
0 0.333073 0.664352 0.013021 0.047222
2 0.342969 0.666204 0.026562 0.036111
2 0.35651 0.65787 0.030729 0.052778
3 0.380208 0.650463 0.0375 0.069444
2 0.478385 0.665741 0.100521 0.075926
2 0.526302 0.673148 0.043229 0.040741
2 0.634115 0.672685 0.127604 0.082407
3 0.663281 0.658333 0.071354 0.075926
1 0.735156 0.678704 0.026562 0.046296
2 0.771875 0.676389 0.085417 0.065741
2 0.828125 0.68287 0.1375 0.073148
2 0.95599 0.675926 0.088021 0.107407
