2 0.050781 0.701852 0.101562 0.162963
2 0.141146 0.691667 0.107292 0.140741
2 0.214323 0.701852 0.217188 0.224074
2 0.31875 0.682407 0.04375 0.075926
0 0.327344 0.68287 0.018229 0.097222
2 0.354167 0.680093 0.046875 0.067593
2 0.401562 0.663426 0.04375 0.071296
2 0.47526 0.700463 0.160938 0.247222
2 0.554948 0.675463 0.054688 0.100926
2 0.580208 0.660648 0.013542 0.025
1 0.64375 0.668519 0.015625 0.066667
0 0.676302 0.700463 0.042188 0.226852
0 0.711198 0.65787 0.008854 0.037963
0 0.734896 0.65463 0.011458 0.061111
0 0.747396 0.653704 0.013542 0.066667
0 0.790104 0.64537 0.008333 0.05
0 0.815365 0.663889 0.024479 0.101852
0 0.859635 0.655556 0.027604 0.122222
2 0.815625 0.624537 0.045833 0.043519
