2 0.374479 0.673611 0.10625 0.128704
2 0.445052 0.650926 0.036979 0.051852
2 0.464062 0.646759 0.025 0.073148
2 0.573958 0.747685 0.257292 0.375
2 0.179948 0.660648 0.016146 0.089815
2 0.205729 0.659722 0.017708 0.073148
2 0.128125 0.6625 0.026042 0.086111
2 0.013021 0.668056 0.022917 0.137963
2 0.030469 0.665278 0.019271 0.141667
2 0.420312 0.649537 0.025 0.05463
2 0.510417 0.660648 0.032292 0.067593
2 0.543229 0.664352 0.041667 0.076852
2 0.888802 0.672685 0.106771 0.117593
2 0.822396 0.642593 0.061458 0.094444
2 0.717187 0.65463 0.091667 0.059259
