2 0.957812 0.676852 0.084375 0.137037
2 0.982292 0.608333 0.034375 0.053704
3 0.770052 0.544907 0.388021 0.358333
2 0.201042 0.712963 0.297917 0.190741
3 0.083333 0.614352 0.14375 0.187963
3 0.163021 0.611574 0.080208 0.091667
2 0.310156 0.613426 0.031771 0.049074
2 0.216406 0.600463 0.028646 0.021296
2 0.248958 0.597222 0.020833 0.024074
2 0.266927 0.594907 0.011979 0.017593
2 0.323437 0.601389 0.019792 0.025
2 0.359635 0.599537 0.018229 0.025
2 0.392448 0.593981 0.020313 0.019444
2 0.285677 0.596296 0.016146 0.02037
3 0.290104 0.582407 0.0125 0.027778
