1 0.426042 0.675463 0.010417 0.039815
1 0.438281 0.675926 0.010937 0.038889
2 0.472917 0.678704 0.023958 0.035185
1 0.35 0.678241 0.0125 0.039815
2 0.342708 0.672222 0.032292 0.053704
0 0.138281 0.699537 0.032813 0.167593
2 0.181771 0.698148 0.08125 0.098148
2 0.23776 0.679167 0.068229 0.10463
2 0.27474 0.6875 0.040104 0.067593
1 0.503385 0.678241 0.007812 0.032407
4 0.529687 0.664352 0.032292 0.063889
4 0.621354 0.660648 0.075 0.108333
4 0.719531 0.659259 0.077604 0.092593
4 0.669271 0.662963 0.055208 0.075926
4 0.877604 0.655093 0.209375 0.269444
2 0.939323 0.755093 0.119271 0.423148
1 0.366927 0.674537 0.010937 0.043519
