1 0.959635 0.615278 0.028646 0.043519
1 0.882031 0.6125 0.030729 0.04537
0 0.836458 0.624074 0.0125 0.055556
1 0.813542 0.622685 0.034375 0.056481
2 0.794271 0.593981 0.036458 0.030556
2 0.715365 0.591667 0.014063 0.022222
2 0.734115 0.593981 0.019271 0.025
0 0.767188 0.629167 0.014583 0.076852
3 0.644531 0.617593 0.168229 0.205556
3 0.527604 0.591204 0.034375 0.047222
2 0.509896 0.700463 0.1125 0.199074
3 0.484635 0.569444 0.097396 0.242593
3 0.423698 0.577778 0.039062 0.072222
3 0.31901 0.600926 0.033854 0.044444
2 0.198698 0.60787 0.060937 0.04537
1 0.201823 0.625 0.014063 0.057407
1 0.180469 0.637037 0.021354 0.061111
0 0.140365 0.619907 0.015104 0.060185
2 0.034115 0.608796 0.061979 0.049074
