0 0.205729 0.702315 0.022917 0.075
0 0.190104 0.718056 0.0125 0.043519
2 0.491406 0.734722 0.131771 0.19537
1 0.439844 0.675463 0.013021 0.043519
1 0.557292 0.655556 0.00625 0.025926
1 0.578385 0.649074 0.005729 0.022222
2 0.60599 0.659722 0.021354 0.030556
4 0.624219 0.636111 0.018229 0.040741
1 0.638021 0.662037 0.007292 0.037037
1 0.667448 0.659259 0.007812 0.02963
2 0.720313 0.721759 0.1125 0.150926
0 0.79375 0.718981 0.045833 0.163889
0 0.816927 0.713426 0.035937 0.165741
0 0.838802 0.706944 0.027604 0.143519
0 0.858854 0.712037 0.034375 0.137037
0 0.885937 0.696759 0.021875 0.123148
2 0.915365 0.764352 0.168229 0.215741
