3 0.13724 0.459722 0.274479 0.919444
2 0.398958 0.6625 0.047917 0.065741
3 0.367448 0.624537 0.063021 0.086111
2 0.35026 0.680093 0.086979 0.110185
2 0.261979 0.693981 0.115625 0.206481
2 0.565625 0.658796 0.053125 0.067593
2 0.526302 0.642593 0.008854 0.012963
1 0.517708 0.649074 0.009375 0.040741
2 0.511458 0.645833 0.010417 0.021296
3 0.497656 0.637963 0.006771 0.016667
3 0.484375 0.638889 0.010417 0.02037
2 0.471615 0.645833 0.015104 0.026852
2 0.459896 0.644907 0.009375 0.012037
0 0.861458 0.649537 0.016667 0.082407
