2 0.072656 0.681944 0.145313 0.149074
2 0.213802 0.656481 0.068229 0.059259
2 0.284375 0.663889 0.067708 0.062963
2 0.342448 0.655556 0.040104 0.048148
4 0.339062 0.630093 0.076042 0.067593
2 0.39375 0.655556 0.032292 0.035185
2 0.441927 0.651389 0.023438 0.032407
2 0.430729 0.65 0.01875 0.025926
2 0.463281 0.646296 0.015104 0.024074
2 0.48125 0.651852 0.016667 0.02037
2 0.443229 0.491204 0.073958 0.058333
2 0.648438 0.675463 0.064583 0.052778
2 0.608854 0.671759 0.0375 0.04537
2 0.58724 0.665278 0.019271 0.030556
2 0.566146 0.656481 0.015625 0.022222
4 0.751042 0.474537 0.135417 0.080556
