2 0.107292 0.642593 0.110417 0.051852
1 0.255208 0.649537 0.014583 0.034259
1 0.350521 0.646759 0.00625 0.025
2 0.374479 0.643056 0.021875 0.036111
2 0.38776 0.64537 0.018229 0.02963
4 0.39401 0.632407 0.034896 0.051852
2 0.4125 0.646759 0.01875 0.028704
2 0.426563 0.645833 0.013542 0.017593
3 0.447656 0.6375 0.020313 0.04537
2 0.46901 0.645833 0.008854 0.012037
2 0.552083 0.652778 0.104167 0.055556
2 0.596615 0.652315 0.094271 0.063889
3 0.761719 0.641667 0.126562 0.085185
1 0.915885 0.671296 0.025521 0.077778
1 0.877604 0.65787 0.020833 0.062037
2 0.883073 0.645833 0.113021 0.082407
