2 0.066667 0.647222 0.13125 0.133333
2 0.163542 0.635648 0.09375 0.102778
2 0.346094 0.616204 0.032813 0.047222
2 0.360677 0.608333 0.030729 0.053704
2 0.224479 0.609722 0.033333 0.047222
2 0.38151 0.609722 0.027604 0.041667
2 0.409115 0.611574 0.016146 0.023148
2 0.420833 0.610648 0.0125 0.019444
0 0.442969 0.615741 0.006771 0.042593
2 0.453385 0.606481 0.007812 0.016667
2 0.464062 0.609259 0.009375 0.014815
3 0.625521 0.600926 0.0625 0.055556
2 0.689063 0.610648 0.047917 0.043519
2 0.780729 0.61713 0.079167 0.062037
2 0.804427 0.611574 0.080729 0.076852
2 0.817969 0.622222 0.086979 0.062963
2 0.907552 0.618056 0.110937 0.09537
2 0.945052 0.624537 0.109896 0.087963
2 0.973437 0.614815 0.053125 0.205556
