1 0.198437 0.740741 0.053125 0.177778
2 0.229167 0.675463 0.10625 0.136111
2 0.282813 0.629167 0.05 0.082407
2 0.321875 0.651389 0.059375 0.084259
2 0.357292 0.647222 0.035417 0.053704
2 0.413802 0.625 0.022396 0.033333
2 0.427865 0.618519 0.020313 0.025926
1 0.445052 0.618056 0.007812 0.028704
2 0.446615 0.613889 0.011979 0.02037
2 0.468229 0.613426 0.01875 0.026852
2 0.505729 0.6125 0.013542 0.026852
2 0.492708 0.62037 0.01875 0.027778
2 0.710938 0.626852 0.070833 0.059259
2 0.746354 0.638889 0.1 0.07037
2 0.770312 0.643981 0.1125 0.076852
2 0.873958 0.655093 0.147917 0.09537
2 0.932031 0.690278 0.134896 0.119444
2 0.690885 0.632407 0.054688 0.051852
