4 0.482031 0.620833 0.179688 0.336111
2 0.389583 0.606481 0.020833 0.035185
2 0.365885 0.637963 0.061979 0.081481
3 0.388542 0.562037 0.01875 0.02963
3 0.379167 0.565741 0.019792 0.025926
2 0.384115 0.581019 0.014063 0.017593
2 0.363802 0.576852 0.011979 0.018519
2 0.369531 0.583333 0.019271 0.025926
2 0.351562 0.581019 0.015625 0.021296
2 0.325781 0.591204 0.025521 0.037963
2 0.347396 0.607407 0.033333 0.05
3 0.325 0.564815 0.033333 0.061111
2 0.302344 0.584259 0.028646 0.024074
2 0.277083 0.59213 0.033333 0.034259
1 0.245833 0.585185 0.007292 0.031481
1 0.240625 0.584722 0.007292 0.030556
1 0.229948 0.587963 0.009896 0.037037
1 0.221875 0.584722 0.010417 0.032407
1 0.211719 0.589815 0.008854 0.033333
1 0.202083 0.5875 0.009375 0.036111
1 0.145313 0.596759 0.013542 0.037963
1 0.120573 0.601852 0.013021 0.05
1 0.098437 0.606019 0.013542 0.050926
2 0.177604 0.672222 0.1375 0.131481
2 0.196875 0.614352 0.060417 0.05463
2 0.05026 0.623611 0.099479 0.093519
2 0.015104 0.57963 0.030208 0.031481
