2 0.967448 0.652315 0.064062 0.132407
2 0.935937 0.654167 0.128125 0.134259
2 0.781771 0.673611 0.113542 0.063889
0 0.807031 0.660185 0.013021 0.059259
0 0.185156 0.709722 0.030729 0.175
2 0.292187 0.681019 0.013542 0.017593
2 0.33099 0.679167 0.008854 0.012037
2 0.353906 0.676852 0.010937 0.016667
2 0.377083 0.676852 0.016667 0.022222
2 0.392708 0.675926 0.014583 0.018519
1 0.39401 0.676852 0.007812 0.031481
2 0.411198 0.678241 0.015104 0.019444
2 0.469531 0.684259 0.038021 0.05
2 0.492448 0.683796 0.043229 0.04537
2 0.540104 0.665278 0.044792 0.039815
2 0.566406 0.668519 0.050521 0.038889
2 0.598958 0.669907 0.065625 0.037963
1 0.584635 0.694907 0.019271 0.082407
