3 0.210156 0.644907 0.108854 0.163889
1 0.263802 0.680556 0.028646 0.092593
2 0.316667 0.674074 0.051042 0.057407
2 0.340625 0.66713 0.034375 0.05463
2 0.394271 0.665741 0.026042 0.035185
2 0.41224 0.662963 0.015104 0.027778
0 0.472396 0.665741 0.009375 0.040741
4 0.508073 0.653241 0.026562 0.036111
5 0.51901 0.668519 0.011979 0.031481
2 0.53125 0.665278 0.016667 0.023148
2 0.552865 0.668056 0.030729 0.036111
2 0.676042 0.680556 0.096875 0.142593
0 0.607031 0.669907 0.009896 0.041667
2 0.73776 0.7125 0.156771 0.163889
0 0.032813 0.687037 0.028125 0.055556
