0 0.241667 0.61713 0.019792 0.123148
0 0.276302 0.625463 0.018229 0.121296
0 0.313802 0.625926 0.017188 0.109259
0 0.372917 0.631944 0.01875 0.089815
2 0.017188 0.592593 0.033333 0.042593
2 0.488281 0.672685 0.219271 0.152778
0 0.610156 0.639352 0.054688 0.073148
0 0.626563 0.638889 0.01875 0.1
2 0.672917 0.641204 0.057292 0.067593
2 0.728385 0.641667 0.060937 0.062963
2 0.788281 0.638426 0.068229 0.052778
2 0.826302 0.634722 0.060937 0.058333
2 0.859635 0.637963 0.051562 0.048148
2 0.86901 0.629167 0.055729 0.049074
2 0.724479 0.673148 0.140625 0.109259
4 0.942969 0.616204 0.113021 0.182407
