1 0.103125 0.659722 0.03125 0.062037
0 0.119792 0.654167 0.020833 0.071296
2 0.130469 0.635648 0.039062 0.025
2 0.169531 0.630093 0.039062 0.030556
0 0.182812 0.647222 0.011458 0.07963
3 0.235937 0.614815 0.0375 0.02963
2 0.30625 0.644444 0.046875 0.051852
4 0.341406 0.612963 0.074479 0.094444
0 0.358854 0.637037 0.01875 0.07037
2 0.381771 0.6375 0.042708 0.052778
1 0.413802 0.638426 0.055729 0.097222
2 0.428385 0.622222 0.025521 0.044444
2 0.453906 0.617593 0.018229 0.033333
3 0.477604 0.607407 0.019792 0.035185
2 0.495833 0.614352 0.013542 0.017593
1 0.622917 0.633796 0.057292 0.084259
