4 0.209115 0.455093 0.180729 0.087963
2 0.256771 0.463889 0.080208 0.053704
4 0.375781 0.448611 0.169271 0.076852
2 0.717969 0.430093 0.099479 0.065741
1 0.817708 0.667593 0.051042 0.124074
1 0.701562 0.646759 0.017708 0.062037
1 0.353906 0.653704 0.030729 0.061111
2 0.392188 0.634259 0.015625 0.022222
2 0.402344 0.631944 0.013021 0.021296
2 0.421354 0.631481 0.015625 0.025926
2 0.465365 0.624537 0.007812 0.012037
2 0.500781 0.628241 0.010937 0.017593
1 0.534115 0.631944 0.006771 0.019444
4 0.489323 0.621296 0.006771 0.014815
