1 0.035937 0.65787 0.028125 0.063889
2 0.125781 0.630093 0.156771 0.226852
1 0.214323 0.668981 0.011979 0.041667
1 0.229948 0.672685 0.010937 0.032407
1 0.2375 0.673148 0.010417 0.031481
2 0.376563 0.724537 0.285417 0.543519
2 0.515885 0.69213 0.050521 0.093519
2 0.594531 0.710648 0.100521 0.167593
0 0.875 0.752778 0.017708 0.090741
1 0.829167 0.7375 0.019792 0.067593
0 0.782292 0.722685 0.011458 0.05463
0 0.765625 0.719907 0.0125 0.049074
2 0.814323 0.722685 0.050521 0.037963
0 0.88724 0.747685 0.016146 0.091667
