1 0.923698 0.69213 0.026562 0.078704
1 0.815365 0.683333 0.019271 0.075926
2 0.835417 0.668519 0.077083 0.042593
1 0.65651 0.655556 0.014063 0.027778
2 0.734896 0.705093 0.161458 0.208333
2 0.609896 0.661574 0.041667 0.071296
2 0.555208 0.688426 0.116667 0.200926
2 0.493229 0.64537 0.042708 0.057407
2 0.433333 0.640278 0.042708 0.036111
1 0.384115 0.638889 0.016146 0.037037
1 0.361198 0.647685 0.020313 0.036111
2 0.324479 0.635185 0.045833 0.033333
2 0.283854 0.625 0.0625 0.042593
0 0.233333 0.64537 0.010417 0.061111
