2 0.139323 0.787037 0.277604 0.427778
2 0.403906 0.864352 0.390104 0.271296
3 0.247396 0.563889 0.142708 0.192593
3 0.386458 0.581019 0.047917 0.110185
1 0.553906 0.668056 0.076563 0.108333
1 0.583073 0.645833 0.025521 0.089815
1 0.602344 0.643519 0.023438 0.085185
1 0.654687 0.676389 0.0875 0.126852
1 0.726823 0.657407 0.026562 0.094444
1 0.764062 0.738426 0.060417 0.20463
1 0.791146 0.70463 0.054167 0.159259
1 0.842187 0.633333 0.036458 0.053704
1 0.877083 0.74213 0.065625 0.189815
1 0.896094 0.852315 0.151562 0.297222
