0 0.136198 0.599074 0.009896 0.046296
2 0.157292 0.631944 0.075 0.071296
1 0.234896 0.623148 0.015625 0.07037
1 0.345052 0.617593 0.015104 0.035185
2 0.381771 0.619444 0.016667 0.025926
2 0.36849 0.618981 0.015104 0.026852
4 0.379948 0.609722 0.020313 0.043519
2 0.422135 0.62037 0.028646 0.025926
1 0.440365 0.618981 0.010937 0.026852
1 0.447656 0.623148 0.008854 0.033333
2 0.482812 0.620833 0.034375 0.026852
1 0.484115 0.635648 0.017188 0.073148
0 0.933073 0.604167 0.013021 0.086111
0 0.832552 0.613426 0.026562 0.113889
2 0.829948 0.61713 0.105729 0.089815
2 0.686458 0.609722 0.084375 0.075
2 0.65026 0.614352 0.056771 0.062037
2 0.605208 0.617593 0.057292 0.046296
2 0.588802 0.615741 0.046354 0.042593
2 0.567187 0.616204 0.044792 0.039815
