2 0.071615 0.70463 0.143229 0.146296
2 0.173958 0.696296 0.090625 0.1
2 0.264062 0.670833 0.070833 0.097222
2 0.30651 0.677778 0.035937 0.062963
2 0.327604 0.679167 0.030208 0.052778
2 0.344271 0.679167 0.026042 0.04537
2 0.35651 0.677778 0.024479 0.042593
2 0.367448 0.670833 0.025521 0.049074
2 0.475521 0.673611 0.017708 0.025
1 0.503385 0.677315 0.007812 0.030556
4 0.505729 0.664815 0.016667 0.035185
2 0.557813 0.684722 0.060417 0.087963
2 0.630208 0.695833 0.078125 0.087963
0 0.727344 0.694907 0.014063 0.078704
0 0.741146 0.696296 0.014583 0.081481
2 0.914583 0.716204 0.171875 0.108333
