2 0.054688 0.675463 0.108333 0.15463
2 0.091406 0.656944 0.057812 0.106481
1 0.232552 0.675 0.010937 0.037037
1 0.217969 0.672222 0.011979 0.042593
1 0.188281 0.672222 0.011979 0.040741
0 0.17474 0.671759 0.007812 0.039815
2 0.283333 0.6875 0.095833 0.134259
2 0.367188 0.676389 0.013542 0.023148
2 0.35599 0.671296 0.020313 0.040741
2 0.345833 0.672222 0.026042 0.044444
2 0.38151 0.677315 0.025521 0.036111
2 0.405729 0.680093 0.035417 0.049074
3 0.420833 0.667593 0.028125 0.062963
2 0.4625 0.68287 0.028125 0.043519
1 0.613021 0.69213 0.026042 0.09537
