2 0.029427 0.684259 0.058854 0.246296
2 0.05599 0.630556 0.110937 0.17037
0 0.158594 0.608333 0.017188 0.092593
1 0.233073 0.612037 0.026562 0.07037
0 0.240625 0.618519 0.01875 0.092593
2 0.341406 0.636574 0.090104 0.10463
2 0.398177 0.618981 0.039062 0.049074
2 0.41276 0.618519 0.031771 0.044444
2 0.466406 0.640741 0.082812 0.133333
2 0.504167 0.633796 0.0375 0.065741
2 0.528125 0.626389 0.023958 0.032407
1 0.560417 0.639815 0.034375 0.07963
1 0.768229 0.681019 0.05625 0.113889
0 0.916146 0.686111 0.027083 0.138889
1 0.950521 0.674074 0.033333 0.144444
0 0.969792 0.69213 0.027083 0.149074
0 0.990104 0.68287 0.019792 0.134259
0 0.872917 0.64213 0.019792 0.108333
3 0.571354 0.613426 0.033333 0.063889
