1 0.244531 0.641667 0.015104 0.051852
2 0.389583 0.633333 0.038542 0.051852
2 0.463542 0.628704 0.0125 0.014815
2 0.444271 0.629167 0.028125 0.047222
2 0.532292 0.625926 0.023958 0.031481
2 0.507031 0.628704 0.024479 0.037037
1 0.611198 0.616667 0.010937 0.027778
1 0.864583 0.655556 0.036458 0.092593
1 0.827604 0.651389 0.026042 0.082407
1 0.370312 0.622685 0.008333 0.025
2 0.495312 0.625926 0.010417 0.018519
0 0.675781 0.624074 0.007812 0.033333
0 0.333333 0.62037 0.00625 0.025926
0 0.336719 0.621759 0.005729 0.023148
0 0.346875 0.62037 0.00625 0.022222
