0 0.008333 0.621296 0.017708 0.112963
2 0.052344 0.565278 0.102604 0.097222
0 0.08151 0.595833 0.029687 0.163889
0 0.086198 0.581019 0.032813 0.160185
0 0.147917 0.588426 0.033333 0.156481
2 0.278385 0.603241 0.178646 0.228704
1 0.39401 0.600463 0.020313 0.069444
1 0.433594 0.589815 0.011979 0.031481
2 0.46875 0.589815 0.013542 0.022222
2 0.459635 0.5875 0.010937 0.012037
1 0.5125 0.605556 0.011458 0.05
1 0.519792 0.609722 0.011458 0.052778
1 0.551302 0.611574 0.015104 0.075
0 0.561719 0.624074 0.021354 0.088889
2 0.680729 0.641204 0.109375 0.136111
2 0.634635 0.636111 0.069271 0.096296
2 0.61276 0.614815 0.073438 0.107407
2 0.570052 0.612963 0.041146 0.064815
2 0.547917 0.60787 0.032292 0.050926
