1 0.720833 0.660185 0.014583 0.074074
0 0.66875 0.669444 0.015625 0.07963
0 0.634635 0.651852 0.007812 0.035185
0 0.628385 0.650926 0.008854 0.033333
0 0.616667 0.648611 0.010417 0.036111
2 0.572396 0.683796 0.085417 0.106481
4 0.552865 0.638426 0.043229 0.093519
4 0.498177 0.634259 0.034896 0.055556
2 0.475781 0.652778 0.041146 0.068519
4 0.425781 0.633796 0.019271 0.037963
2 0.326042 0.659259 0.048958 0.053704
2 0.278906 0.665278 0.070312 0.071296
0 0.179688 0.661111 0.017708 0.07963
0 0.16849 0.662963 0.011979 0.07963
0 0.109896 0.63287 0.009375 0.056481
1 0.10599 0.663426 0.042188 0.076852
0 0.091146 0.647685 0.008333 0.041667
0 0.081771 0.636111 0.011458 0.055556
2 0.039062 0.655556 0.077083 0.125926
