2 0.121615 0.718519 0.104688 0.114815
2 0.149219 0.6625 0.047396 0.065741
2 0.240885 0.658333 0.032813 0.038889
2 0.260417 0.647222 0.022917 0.033333
2 0.285417 0.630093 0.015625 0.025
2 0.301302 0.628241 0.010937 0.017593
1 0.320052 0.62963 0.008854 0.02963
2 0.678646 0.670833 0.15625 0.089815
2 0.627604 0.661111 0.105208 0.098148
2 0.552604 0.661574 0.073958 0.076852
2 0.522917 0.655093 0.08125 0.065741
2 0.493229 0.64537 0.052083 0.055556
5 0.450781 0.681944 0.040104 0.076852
0 0.713021 0.6375 0.015625 0.062037
