3 0.670052 0.635648 0.114062 0.173148
2 0.590625 0.622222 0.060417 0.118519
2 0.53776 0.637037 0.034896 0.057407
2 0.532031 0.624074 0.031771 0.048148
2 0.507552 0.671296 0.064062 0.101852
2 0.491927 0.606019 0.008854 0.012037
4 0.48151 0.596759 0.008854 0.017593
2 0.460156 0.616204 0.019271 0.028704
2 0.44974 0.619907 0.023438 0.032407
2 0.433594 0.625463 0.028646 0.041667
2 0.409635 0.636574 0.048438 0.060185
2 0.200521 0.601852 0.066667 0.038889
2 0.178906 0.599537 0.048438 0.04537
2 0.147396 0.632407 0.103125 0.068519
2 0.111458 0.602315 0.047917 0.039815
2 0.067448 0.600463 0.046354 0.04537
2 0.010677 0.600926 0.021354 0.042593
