2 0.063281 0.736574 0.126562 0.262037
2 0.061719 0.630093 0.122396 0.163889
2 0.176042 0.691204 0.13125 0.136111
0 0.250781 0.606019 0.013021 0.04537
1 0.385417 0.622685 0.015625 0.050926
2 0.371875 0.619907 0.03125 0.047222
2 0.41901 0.60463 0.019271 0.02963
2 0.39974 0.610648 0.022396 0.037963
1 0.414844 0.616667 0.013021 0.044444
2 0.442708 0.610648 0.030208 0.04537
2 0.458333 0.612963 0.01875 0.033333
2 0.503385 0.600463 0.017188 0.032407
2 0.484635 0.609259 0.021354 0.031481
2 0.360677 0.593519 0.020313 0.025926
2 0.965885 0.687963 0.068229 0.103704
2 0.952865 0.661111 0.094271 0.116667
2 0.923177 0.65 0.143229 0.125926
2 0.690104 0.607407 0.073958 0.057407
