2 0.8 0.613889 0.110417 0.057407
1 0.60651 0.601389 0.011979 0.05463
1 0.591667 0.604167 0.015625 0.060185
1 0.575521 0.601852 0.0125 0.048148
1 0.573177 0.589815 0.010937 0.05
3 0.528385 0.556481 0.022396 0.040741
2 0.501563 0.569444 0.016667 0.025926
2 0.467969 0.589815 0.047396 0.051852
2 0.433073 0.582407 0.026562 0.035185
2 0.454687 0.606481 0.039583 0.057407
2 0.41276 0.573611 0.022396 0.030556
2 0.395833 0.562963 0.032292 0.05
2 0.388281 0.579167 0.023438 0.039815
2 0.401823 0.577778 0.020313 0.031481
2 0.371094 0.582407 0.031771 0.044444
2 0.347917 0.593056 0.0375 0.047222
2 0.340625 0.618981 0.041667 0.067593
2 0.315885 0.585185 0.034896 0.042593
2 0.282292 0.590278 0.034375 0.039815
2 0.309115 0.637037 0.072396 0.088889
2 0.248177 0.62037 0.064062 0.07963
2 0.189844 0.639815 0.095312 0.105556
2 0.114062 0.652315 0.126042 0.165741
2 0.046094 0.61713 0.092188 0.112037
2 0.036719 0.687037 0.073438 0.151852
2 0.264062 0.823148 0.402083 0.351852
