0 0.184635 0.656019 0.008854 0.052778
0 0.283854 0.654167 0.010417 0.04537
1 0.246354 0.656481 0.011458 0.038889
1 0.269271 0.653704 0.009375 0.040741
1 0.314844 0.664815 0.043229 0.116667
2 0.340365 0.656481 0.034896 0.05
2 0.391667 0.655556 0.03125 0.044444
2 0.404687 0.655093 0.022917 0.043519
2 0.432292 0.655556 0.03125 0.046296
2 0.453646 0.653704 0.020833 0.037037
2 0.486458 0.657407 0.04375 0.059259
2 0.541667 0.658333 0.017708 0.031481
0 0.96276 0.699537 0.018229 0.080556
0 0.934896 0.7 0.014583 0.075926
