4 0.144531 0.622222 0.130729 0.151852
0 0.078906 0.656944 0.016146 0.089815
2 0.221875 0.650463 0.029167 0.037963
1 0.300521 0.678704 0.036458 0.135185
2 0.292708 0.665278 0.054167 0.084259
2 0.240885 0.650463 0.022396 0.034259
2 0.48099 0.706019 0.135937 0.163889
2 0.447396 0.676389 0.089583 0.119444
2 0.413802 0.672685 0.046354 0.071296
2 0.398177 0.668981 0.040104 0.062037
2 0.390365 0.665741 0.038021 0.051852
2 0.377083 0.659259 0.028125 0.038889
2 0.33151 0.650463 0.014063 0.017593
0 0.703125 0.684722 0.041667 0.187963
