2 0.013021 0.685185 0.027083 0.103704
2 0.053125 0.675926 0.10625 0.140741
2 0.064323 0.652315 0.128646 0.15463
2 0.135417 0.661574 0.140625 0.110185
2 0.22526 0.634722 0.034896 0.032407
2 0.279167 0.637037 0.038542 0.033333
2 0.316146 0.634722 0.026042 0.025
2 0.516406 0.634722 0.022396 0.021296
2 0.547917 0.640278 0.021875 0.030556
2 0.566667 0.635185 0.013542 0.016667
1 0.597656 0.639815 0.011979 0.038889
2 0.614323 0.641204 0.014063 0.021296
0 0.86849 0.66713 0.016146 0.071296
0 0.896615 0.650463 0.020313 0.108333
