2 0.044792 0.671296 0.089583 0.161111
2 0.121354 0.686574 0.188542 0.143519
2 0.297656 0.647222 0.036979 0.031481
1 0.363021 0.657407 0.020833 0.072222
2 0.90026 0.78287 0.198437 0.434259
2 0.773177 0.711574 0.188021 0.228704
2 0.696615 0.682407 0.142187 0.144444
2 0.638802 0.662037 0.104688 0.124074
2 0.584896 0.661111 0.077083 0.081481
2 0.548438 0.658333 0.058333 0.066667
2 0.5125 0.65463 0.053125 0.057407
2 0.477344 0.649074 0.050521 0.055556
2 0.449219 0.651389 0.043229 0.043519
2 0.420052 0.65 0.040104 0.040741
2 0.38776 0.647685 0.038021 0.043519
2 0.35026 0.648148 0.049479 0.033333
