0 0.915885 0.674537 0.021354 0.123148
0 0.796615 0.672685 0.034896 0.178704
1 0.751042 0.656944 0.036458 0.119444
2 0.801042 0.643981 0.079167 0.082407
1 0.740625 0.653704 0.05625 0.074074
1 0.833073 0.677778 0.048438 0.140741
0 0.894531 0.668981 0.025521 0.125
2 0.659115 0.665741 0.099479 0.151852
1 0.01224 0.598611 0.025521 0.091667
0 0.146354 0.603241 0.0125 0.084259
0 0.119792 0.589815 0.013542 0.061111
2 0.290625 0.605556 0.076042 0.103704
2 0.335677 0.608796 0.027604 0.04537
2 0.361719 0.605556 0.041146 0.059259
2 0.396615 0.609259 0.025521 0.033333
2 0.489583 0.647222 0.085417 0.131481
2 0.4625 0.626389 0.053125 0.071296
1 0.554167 0.622222 0.014583 0.044444
1 0.607552 0.625926 0.016146 0.053704
1 0.698438 0.640741 0.022917 0.077778
