2 0.774219 0.631481 0.111979 0.072222
2 0.747656 0.618519 0.115104 0.085185
0 0.676562 0.608333 0.009375 0.05
1 0.657031 0.6375 0.020313 0.09537
2 0.666406 0.583796 0.013021 0.023148
2 0.63099 0.585185 0.027604 0.02037
2 0.60651 0.587963 0.016146 0.024074
2 0.59974 0.590741 0.013021 0.022222
3 0.585156 0.58287 0.029687 0.065741
4 0.547396 0.594907 0.06875 0.128704
3 0.494531 0.572222 0.040104 0.057407
3 0.405729 0.573148 0.0125 0.027778
2 0.383854 0.604167 0.045833 0.049074
3 0.288021 0.571759 0.046875 0.082407
2 0.265365 0.621296 0.074479 0.072222
3 0.232292 0.593981 0.038542 0.052778
2 0.191146 0.589815 0.028125 0.037037
