4 0.059115 0.635185 0.117188 0.105556
4 0.363802 0.626389 0.033854 0.052778
2 0.398958 0.637963 0.044792 0.037037
2 0.427083 0.64213 0.039583 0.032407
2 0.497135 0.686574 0.105729 0.178704
1 0.484635 0.735185 0.078646 0.35
2 0.576302 0.659722 0.055729 0.086111
2 0.619531 0.649537 0.044271 0.032407
2 0.692708 0.652315 0.060417 0.037963
1 0.057292 0.638889 0.020833 0.051852
0 0.090625 0.636111 0.009375 0.046296
1 0.142969 0.646759 0.015104 0.049074
1 0.155729 0.647685 0.011458 0.04537
0 0.18776 0.646296 0.009896 0.044444
2 0.307031 0.643519 0.047396 0.037037
2 0.555469 0.659259 0.035937 0.055556
