2 0.253125 0.692593 0.086458 0.090741
0 0.146094 0.681481 0.011979 0.055556
0 0.164583 0.681019 0.00625 0.050926
0 0.211979 0.67963 0.007292 0.038889
2 0.318229 0.677315 0.047917 0.032407
2 0.342448 0.681019 0.051562 0.063889
2 0.376302 0.6625 0.038021 0.050926
2 0.395052 0.668519 0.020313 0.02963
3 0.429688 0.627778 0.061458 0.148148
2 0.488281 0.664815 0.026562 0.02963
2 0.504687 0.660185 0.011458 0.016667
0 0.521094 0.666204 0.024479 0.036111
0 0.519531 0.664815 0.007812 0.044444
1 0.547917 0.666204 0.020833 0.043519
1 0.535937 0.664815 0.008333 0.042593
1 0.58125 0.661111 0.009375 0.033333
1 0.597656 0.660185 0.009896 0.035185
1 0.604427 0.656481 0.006771 0.035185
1 0.626042 0.658333 0.011458 0.038889
2 0.65 0.652315 0.035417 0.032407
2 0.664323 0.656481 0.047396 0.038889
2 0.680469 0.658796 0.057812 0.043519
2 0.728906 0.656019 0.064062 0.073148
0 0.740885 0.665278 0.018229 0.080556
0 0.768229 0.663426 0.014583 0.084259
1 0.826042 0.651389 0.01875 0.039815
0 0.782552 0.669907 0.013021 0.071296
