2 0.752083 0.5625 0.032292 0.058333
1 0.495573 0.602778 0.011979 0.038889
2 0.441927 0.603241 0.039062 0.058333
3 0.34974 0.57037 0.017188 0.038889
2 0.341146 0.580093 0.017708 0.030556
2 0.330729 0.577315 0.011458 0.019444
2 0.326302 0.574537 0.014063 0.021296
3 0.321094 0.564815 0.022396 0.037037
2 0.310417 0.574537 0.013542 0.017593
2 0.302344 0.566667 0.009896 0.016667
2 0.291406 0.566667 0.011979 0.02037
3 0.270573 0.556944 0.019271 0.025
4 0.225 0.553241 0.0125 0.023148
2 0.231771 0.556944 0.011458 0.013889
2 0.251823 0.561574 0.008854 0.012037
2 0.247135 0.560185 0.009896 0.012963
0 0.719531 0.637963 0.021354 0.092593
