3 0.089583 0.568519 0.180208 0.401852
3 0.251302 0.565278 0.108854 0.182407
3 0.378125 0.580556 0.019792 0.046296
2 0.407552 0.595833 0.014063 0.017593
2 0.470833 0.592593 0.016667 0.02037
2 0.451302 0.595833 0.007812 0.013889
2 0.490365 0.596296 0.026562 0.046296
2 0.879948 0.856944 0.239062 0.284259
2 0.70026 0.736111 0.174479 0.187037
2 0.617188 0.684259 0.098958 0.127778
2 0.579688 0.65463 0.079167 0.105556
2 0.545052 0.638889 0.056771 0.075926
2 0.528646 0.628241 0.044792 0.062037
2 0.514323 0.616204 0.042188 0.052778
