4 0.028125 0.619444 0.054167 0.1
4 0.11875 0.627778 0.126042 0.105556
0 0.091146 0.732407 0.123958 0.446296
2 0.48151 0.636574 0.009896 0.013889
2 0.488802 0.638426 0.017188 0.013889
4 0.488281 0.632407 0.013021 0.022222
2 0.510677 0.639815 0.011979 0.018519
3 0.528906 0.631481 0.013021 0.027778
2 0.528385 0.627778 0.009896 0.014815
3 0.563281 0.625926 0.039062 0.094444
0 0.600781 0.662963 0.026562 0.144444
0 0.653385 0.665741 0.030729 0.127778
2 0.70651 0.674074 0.096354 0.138889
2 0.823177 0.704167 0.203646 0.237963
0 0.853646 0.731481 0.064583 0.335185
0 0.889844 0.680093 0.021354 0.125
3 0.917187 0.613426 0.165625 0.191667
