2 0.075781 0.616667 0.085938 0.075926
1 0.129427 0.630556 0.038021 0.088889
1 0.244531 0.630556 0.024479 0.083333
2 0.234635 0.622222 0.108854 0.061111
1 0.314844 0.618981 0.009896 0.047222
1 0.329948 0.621759 0.009896 0.039815
2 0.35625 0.629167 0.04375 0.056481
2 0.433333 0.634722 0.045833 0.060185
2 0.448958 0.622222 0.039583 0.02963
1 0.477344 0.625926 0.006771 0.033333
1 0.484896 0.623611 0.00625 0.026852
2 0.553125 0.633333 0.076042 0.051852
1 0.604948 0.658796 0.028646 0.10463
2 0.698958 0.643981 0.097917 0.060185
2 0.654427 0.627315 0.074479 0.060185
2 0.630208 0.626389 0.079167 0.058333
2 0.521875 0.620833 0.036458 0.026852
