1 0.107812 0.648611 0.021875 0.05463
2 0.192708 0.648148 0.065625 0.064815
2 0.91901 0.66713 0.161979 0.202778
2 0.775521 0.632407 0.079167 0.055556
1 0.676823 0.625926 0.015104 0.046296
2 0.636719 0.650926 0.077604 0.101852
2 0.516406 0.656481 0.073438 0.109259
2 0.351823 0.63287 0.041146 0.056481
2 0.397917 0.634722 0.028125 0.032407
2 0.413802 0.635185 0.026562 0.040741
2 0.429948 0.631481 0.025521 0.035185
2 0.460938 0.633333 0.029167 0.037037
2 0.372135 0.625463 0.031771 0.047222
2 0.475521 0.625463 0.019792 0.034259
