3 0.019271 0.639352 0.038542 0.119444
4 0.231771 0.607407 0.247917 0.362963
2 0.425521 0.681481 0.057292 0.081481
3 0.125521 0.644907 0.09375 0.19537
2 0.459375 0.665278 0.019792 0.028704
2 0.467708 0.658333 0.010417 0.016667
2 0.475781 0.656944 0.008854 0.013889
2 0.490625 0.664352 0.016667 0.023148
2 0.502604 0.666667 0.022917 0.040741
2 0.538542 0.6875 0.082292 0.163889
1 0.611458 0.669907 0.019792 0.034259
1 0.691667 0.672222 0.020833 0.037037
2 0.783073 0.675926 0.057812 0.046296
2 0.819271 0.677778 0.042708 0.035185
2 0.866927 0.679167 0.060937 0.039815
1 0.802865 0.71713 0.050521 0.126852
