2 0.11901 0.672222 0.238021 0.3
2 0.291406 0.615278 0.082812 0.108333
2 0.341667 0.606019 0.04375 0.067593
2 0.378646 0.60463 0.021875 0.02963
4 0.451302 0.563889 0.130729 0.281481
1 0.520312 0.62037 0.014583 0.05
1 0.559115 0.630093 0.019271 0.062037
1 0.5875 0.635648 0.025 0.075
1 0.633073 0.629167 0.034896 0.047222
1 0.666146 0.646759 0.030208 0.086111
0 0.783854 0.633796 0.009375 0.056481
2 0.842708 0.6375 0.080208 0.058333
2 0.880729 0.643981 0.0875 0.060185
2 0.965625 0.647222 0.067708 0.053704
