2 0.077083 0.70787 0.155208 0.219444
2 0.352344 0.681019 0.098437 0.108333
3 0.275 0.342593 0.147917 0.122222
1 0.594792 0.668981 0.017708 0.036111
1 0.415365 0.653704 0.007812 0.033333
1 0.43776 0.653704 0.008854 0.038889
1 0.446875 0.654167 0.008333 0.037963
2 0.489583 0.656944 0.015625 0.025
2 0.505729 0.661111 0.01875 0.027778
2 0.519792 0.660648 0.014583 0.023148
2 0.534896 0.663426 0.019792 0.025
4 0.564583 0.649537 0.017708 0.037963
2 0.676042 0.67037 0.017708 0.022222
1 0.95599 0.715741 0.033854 0.092593
1 0.921615 0.69537 0.021354 0.048148
0 0.891146 0.693056 0.013542 0.037963
0 0.855208 0.686111 0.009375 0.033333
1 0.978906 0.705093 0.017188 0.037963
0 0.853125 0.680093 0.007292 0.028704
1 0.822135 0.684722 0.013021 0.034259
