1 0.930729 0.686574 0.034375 0.073148
2 0.960677 0.674074 0.060937 0.042593
2 0.846615 0.669444 0.073438 0.046296
2 0.752865 0.669444 0.059896 0.037037
2 0.713802 0.664815 0.048438 0.033333
2 0.66901 0.65787 0.039062 0.025
2 0.691406 0.660648 0.040104 0.028704
1 0.63151 0.665741 0.014063 0.053704
4 0.323698 0.630093 0.024479 0.036111
2 0.130469 0.639815 0.031771 0.038889
2 0.095833 0.639352 0.06875 0.058333
2 0.017708 0.641667 0.035417 0.074074
2 0.266927 0.637963 0.024479 0.027778
2 0.2 0.638889 0.042708 0.027778
4 0.474479 0.644907 0.0125 0.025
2 0.494271 0.650926 0.009375 0.012963
