3 0.177344 0.500463 0.353646 0.999074
3 0.474219 0.521296 0.167187 0.435185
1 0.608073 0.632407 0.057812 0.111111
1 0.641406 0.605093 0.021354 0.063889
1 0.688021 0.612963 0.033333 0.087037
1 0.723698 0.581481 0.031771 0.064815
0 0.752083 0.587963 0.011458 0.072222
0 0.767448 0.587037 0.014063 0.075926
1 0.807031 0.629167 0.048438 0.108333
0 0.860156 0.638426 0.021354 0.110185
1 0.860677 0.639352 0.051562 0.125
0 0.796094 0.580556 0.016146 0.081481
1 0.670833 0.606481 0.026042 0.075926
2 0.817187 0.583333 0.089583 0.066667
