0 0.095052 0.754167 0.008854 0.049074
0 0.104427 0.756019 0.009896 0.041667
0 0.148177 0.756944 0.010937 0.049074
2 0.276823 0.771759 0.066146 0.071296
2 0.382292 0.775926 0.033333 0.048148
4 0.46849 0.668519 0.167187 0.364815
0 0.678906 0.789815 0.009896 0.044444
0 0.666406 0.789815 0.007812 0.040741
1 0.701823 0.781481 0.015104 0.05
1 0.745313 0.778241 0.023958 0.069444
1 0.885156 0.764815 0.042188 0.135185
1 0.958073 0.777315 0.049479 0.132407
0 0.792188 0.771759 0.0125 0.073148
0 0.126042 0.755093 0.010417 0.05463
