1 0.2875 0.688889 0.03125 0.109259
2 0.322917 0.622222 0.020833 0.022222
1 0.329167 0.641204 0.017708 0.032407
1 0.365625 0.661574 0.014583 0.056481
1 0.357812 0.664815 0.017708 0.062963
1 0.385937 0.645833 0.010417 0.036111
2 0.504167 0.631944 0.013542 0.021296
2 0.514844 0.66713 0.039062 0.058333
2 0.532292 0.634259 0.017708 0.025926
2 0.55026 0.632407 0.014063 0.02037
2 0.882292 0.774074 0.234375 0.338889
4 0.652083 0.631944 0.135417 0.213889
2 0.5875 0.67037 0.04375 0.064815
2 0.575521 0.649537 0.044792 0.078704
