2 0.069271 0.703704 0.136458 0.17963
2 0.1875 0.699537 0.110417 0.112037
2 0.264583 0.683333 0.070833 0.083333
2 0.297656 0.682407 0.039062 0.066667
2 0.328906 0.677778 0.033854 0.057407
2 0.35625 0.677778 0.029167 0.040741
2 0.409375 0.678241 0.026042 0.032407
2 0.458073 0.675463 0.050521 0.082407
1 0.514844 0.686111 0.021354 0.077778
1 0.547656 0.686574 0.017188 0.078704
2 0.569531 0.680556 0.040104 0.046296
2 0.644271 0.710185 0.090625 0.103704
2 0.606771 0.699537 0.055208 0.078704
0 0.759896 0.693981 0.019792 0.089815
2 0.909115 0.816204 0.179688 0.319444
