1 0.126562 0.618519 0.035417 0.1
0 0.263802 0.603241 0.009896 0.052778
1 0.310937 0.609259 0.0125 0.05
2 0.40651 0.608333 0.024479 0.038889
2 0.43151 0.60787 0.016146 0.021296
3 0.481771 0.606481 0.020833 0.035185
2 0.467969 0.613426 0.022396 0.028704
1 0.504948 0.615278 0.009896 0.030556
1 0.515625 0.620833 0.011458 0.043519
1 0.527604 0.624074 0.017708 0.055556
2 0.620052 0.61713 0.027604 0.026852
1 0.645312 0.672685 0.039583 0.167593
1 0.674479 0.6375 0.025 0.073148
2 0.700521 0.62037 0.053125 0.040741
2 0.747656 0.634259 0.095312 0.059259
2 0.857552 0.646296 0.101562 0.061111
2 0.876042 0.650463 0.1 0.067593
2 0.94349 0.659259 0.111979 0.083333
2 0.922396 0.653704 0.125 0.074074
0 0.286719 0.596296 0.005729 0.02963
1 0.367969 0.606481 0.007812 0.02963
