2 0.971354 0.646296 0.057292 0.087037
2 0.766927 0.646296 0.138021 0.085185
2 0.700781 0.624074 0.063021 0.053704
1 0.539844 0.636111 0.023438 0.066667
1 0.502604 0.625463 0.010417 0.037963
2 0.435417 0.630093 0.048958 0.080556
2 0.36276 0.626389 0.047396 0.067593
2 0.405208 0.618981 0.013542 0.021296
2 0.263021 0.654167 0.119792 0.136111
2 0.029427 0.644444 0.058854 0.153704
2 0.097656 0.642593 0.107812 0.085185
1 0.180729 0.625463 0.013542 0.039815
2 0.630729 0.618981 0.051042 0.047222
2 0.6625 0.621759 0.048958 0.037963
