2 0.960677 0.664815 0.078646 0.090741
2 0.916406 0.671759 0.105729 0.110185
2 0.839323 0.648611 0.085938 0.076852
3 0.877865 0.593519 0.205729 0.168519
1 0.6875 0.659259 0.035417 0.103704
0 0.657552 0.668519 0.019271 0.114815
0 0.642708 0.666667 0.019792 0.118519
2 0.575781 0.581019 0.028646 0.030556
2 0.570312 0.591667 0.027083 0.022222
1 0.575521 0.626852 0.021875 0.068519
1 0.542708 0.585648 0.004167 0.019444
4 0.478646 0.610185 0.10625 0.205556
2 0.389062 0.639815 0.058333 0.074074
3 0.340104 0.603241 0.05 0.073148
2 0.298958 0.611574 0.0375 0.036111
1 0.255208 0.606481 0.008333 0.031481
1 0.248958 0.608333 0.007292 0.031481
2 0.223177 0.618519 0.048438 0.057407
1 0.033594 0.633796 0.021354 0.063889
