2 0.932812 0.637037 0.109375 0.105556
2 0.841146 0.653241 0.129167 0.113889
0 0.783333 0.658333 0.055208 0.238889
0 0.70625 0.631944 0.022917 0.102778
2 0.583073 0.646759 0.189062 0.121296
2 0.501823 0.62963 0.069271 0.090741
2 0.413021 0.610648 0.09375 0.115741
0 0.421354 0.631944 0.035417 0.121296
0 0.329167 0.623148 0.016667 0.101852
0 0.319271 0.625 0.034375 0.116667
2 0.33125 0.623611 0.075 0.091667
2 0.239583 0.613889 0.107292 0.103704
0 0.19974 0.625463 0.025521 0.110185
2 0.171354 0.614815 0.092708 0.094444
2 0.066927 0.611574 0.131771 0.130556
