1 0.515365 0.731019 0.100521 0.417593
1 0.776302 0.656481 0.036979 0.177778
3 0.69349 0.594444 0.082812 0.172222
2 0.64349 0.621296 0.042188 0.07037
2 0.630208 0.622222 0.03125 0.051852
2 0.62526 0.614815 0.029687 0.051852
2 0.608854 0.612037 0.022917 0.037037
2 0.597135 0.610648 0.017188 0.026852
1 0.585938 0.609722 0.008333 0.041667
2 0.560156 0.60463 0.008854 0.012963
2 0.444531 0.616667 0.029687 0.040741
1 0.429948 0.645833 0.101562 0.171296
1 0.393229 0.619907 0.014583 0.052778
0 0.016146 0.567593 0.010417 0.064815
