4 0.031771 0.65787 0.013542 0.071296
4 0.041927 0.659722 0.015104 0.073148
2 0.31875 0.650926 0.122917 0.216667
2 0.373437 0.679167 0.053125 0.076852
2 0.389844 0.671759 0.051562 0.060185
2 0.44375 0.678241 0.052083 0.076852
2 0.457292 0.675463 0.036458 0.060185
2 0.405729 0.666667 0.0375 0.046296
2 0.464844 0.673148 0.033854 0.051852
4 0.548438 0.636111 0.128125 0.188889
0 0.657813 0.684722 0.028125 0.132407
0 0.736979 0.686574 0.016667 0.097222
1 0.772917 0.715278 0.044792 0.134259
2 0.152344 0.656019 0.036979 0.034259
0 0.647135 0.674537 0.018229 0.099074
