1 0.0875 0.744907 0.069792 0.213889
1 0.180729 0.677315 0.035417 0.171296
1 0.272917 0.676389 0.04375 0.14537
0 0.133333 0.645833 0.03125 0.117593
2 0.230469 0.647685 0.076563 0.115741
2 0.417708 0.593519 0.040625 0.055556
1 0.429688 0.612963 0.015625 0.07037
0 0.466406 0.593519 0.009896 0.053704
2 0.463542 0.586574 0.027083 0.060185
2 0.821875 0.783333 0.352083 0.422222
2 0.636719 0.708333 0.119271 0.183333
2 0.56875 0.644444 0.071875 0.1
1 0.382292 0.594444 0.010417 0.037037
2 0.533073 0.615278 0.046354 0.076852
