2 0.052344 0.66713 0.104688 0.24537
2 0.134635 0.649074 0.096354 0.124074
2 0.222396 0.661574 0.122917 0.123148
2 0.283594 0.635185 0.054688 0.074074
2 0.364844 0.640278 0.032813 0.04537
2 0.403906 0.645833 0.080729 0.112037
2 0.448437 0.633333 0.05 0.081481
2 0.502604 0.646296 0.05625 0.092593
2 0.527865 0.626389 0.033854 0.078704
1 0.63099 0.637037 0.017188 0.038889
1 0.598698 0.635185 0.013021 0.042593
0 0.75651 0.633796 0.013021 0.049074
0 0.8625 0.631944 0.01875 0.082407
1 0.809635 0.630556 0.014063 0.053704
3 0.873958 0.610648 0.116667 0.093519
1 0.973958 0.661574 0.036458 0.119444
0 0.615104 0.630556 0.008333 0.042593
0 0.678906 0.632407 0.008854 0.055556
1 0.64375 0.635648 0.013542 0.036111
