0 0.113021 0.649074 0.008333 0.040741
1 0.14349 0.651389 0.016146 0.04537
1 0.188281 0.648148 0.014063 0.042593
1 0.20026 0.647685 0.016146 0.043519
2 0.366667 0.639352 0.027083 0.039815
2 0.398958 0.64213 0.032292 0.034259
2 0.39349 0.631944 0.023438 0.043519
2 0.413542 0.642593 0.020833 0.02963
2 0.423437 0.638889 0.016667 0.031481
4 0.417708 0.628704 0.026042 0.046296
2 0.442708 0.641204 0.023958 0.028704
2 0.452344 0.637963 0.013021 0.02037
2 0.504167 0.637963 0.025 0.031481
2 0.513281 0.634722 0.015104 0.021296
0 0.70651 0.641667 0.008854 0.038889
1 0.823698 0.64213 0.025521 0.039815
1 0.867448 0.641667 0.034896 0.066667
3 0.898177 0.614352 0.134896 0.100926
2 0.913281 0.641667 0.091146 0.046296
2 0.959635 0.640741 0.081771 0.053704
1 0.229687 0.646296 0.015625 0.037037
1 0.007292 0.656481 0.013542 0.048148
1 0.323698 0.645833 0.008854 0.021296
