2 0.016667 0.702778 0.033333 0.075926
2 0.120573 0.675926 0.049479 0.040741
2 0.182292 0.672222 0.0375 0.044444
2 0.21224 0.693056 0.058854 0.086111
2 0.26875 0.648148 0.022917 0.033333
2 0.29974 0.650463 0.028646 0.034259
2 0.407031 0.661111 0.041146 0.051852
2 0.433854 0.641204 0.021875 0.032407
2 0.46875 0.681481 0.067708 0.112963
4 0.591927 0.618519 0.125521 0.090741
2 0.496354 0.630093 0.015625 0.025
2 0.788021 0.620833 0.0625 0.034259
2 0.921615 0.623611 0.061979 0.04537
2 0.972135 0.621296 0.055729 0.040741
2 0.954948 0.607407 0.060937 0.042593
2 0.87474 0.605556 0.045312 0.031481
2 0.323958 0.645833 0.021875 0.028704
2 0.528385 0.638889 0.025521 0.037037
2 0.894531 0.60787 0.051562 0.032407
