2 0.944271 0.827778 0.110417 0.32963
0 0.885937 0.672685 0.067708 0.271296
2 0.791406 0.730556 0.253646 0.242593
0 0.552604 0.664815 0.016667 0.066667
2 0.480208 0.71713 0.129167 0.19537
1 0.394531 0.665741 0.016146 0.053704
2 0.398958 0.666667 0.019792 0.02963
2 0.378646 0.66713 0.027083 0.039815
2 0.363542 0.665741 0.03125 0.053704
2 0.353906 0.669444 0.033854 0.053704
2 0.330208 0.668056 0.055208 0.071296
2 0.24375 0.67037 0.102083 0.138889
2 0.170313 0.697222 0.138542 0.144444
2 0.070833 0.725926 0.139583 0.222222
