2 0.072396 0.731944 0.14375 0.376852
2 0.15 0.72037 0.109375 0.111111
2 0.229948 0.704167 0.056771 0.062037
2 0.311719 0.693981 0.031771 0.039815
2 0.359635 0.6875 0.021354 0.028704
2 0.371354 0.684259 0.028125 0.040741
3 0.435677 0.655093 0.031771 0.075
2 0.38724 0.681944 0.013021 0.021296
2 0.466406 0.672685 0.009896 0.013889
2 0.479427 0.671759 0.009896 0.013889
2 0.486458 0.672685 0.009375 0.017593
2 0.697396 0.646296 0.05625 0.040741
2 0.701042 0.655093 0.051042 0.037963
2 0.747656 0.649074 0.067187 0.059259
2 0.784635 0.643981 0.070312 0.069444
1 0.853125 0.688426 0.048958 0.158333
