2 0.938542 0.634259 0.121875 0.103704
2 0.921354 0.655093 0.155208 0.097222
2 0.727865 0.645833 0.165104 0.115741
0 0.638281 0.636574 0.013021 0.063889
2 0.588021 0.649537 0.05 0.086111
1 0.532813 0.645833 0.017708 0.078704
4 0.442708 0.555556 0.166667 0.346296
3 0.06875 0.426389 0.064583 0.408333
2 0.247656 0.623148 0.016146 0.02037
2 0.266667 0.622685 0.020833 0.028704
2 0.297135 0.620833 0.009896 0.013889
2 0.311198 0.620833 0.008854 0.013889
4 0.346094 0.614352 0.007812 0.017593
2 0.363802 0.630556 0.022396 0.040741
