2 0.764062 0.721296 0.246875 0.261111
1 0.66276 0.643056 0.010937 0.041667
2 0.58724 0.658796 0.068229 0.087963
2 0.54375 0.644444 0.032292 0.051852
2 0.517708 0.643981 0.0375 0.058333
2 0.492448 0.628704 0.014063 0.022222
2 0.486458 0.636574 0.017708 0.025
2 0.470833 0.627315 0.011458 0.019444
3 0.461979 0.625 0.016667 0.031481
2 0.455208 0.630093 0.01875 0.028704
4 0.439062 0.621296 0.025 0.042593
2 0.445573 0.636111 0.023438 0.033333
2 0.433333 0.635185 0.026042 0.037037
2 0.414583 0.634259 0.035417 0.05
2 0.383333 0.629167 0.027083 0.047222
2 0.356771 0.635185 0.063542 0.07963
2 0.275781 0.651389 0.107812 0.110185
2 0.088021 0.650463 0.145833 0.119444
