2 0.903385 0.84213 0.192188 0.315741
2 0.746615 0.758333 0.175521 0.211111
2 0.772656 0.650463 0.113021 0.076852
2 0.639323 0.663426 0.116146 0.176852
2 0.584896 0.621759 0.1 0.069444
2 0.477865 0.55463 0.009896 0.016667
0 0.470833 0.608333 0.025 0.064815
2 0.439062 0.630556 0.088542 0.072222
2 0.466406 0.680093 0.118229 0.14537
2 0.469792 0.846759 0.296875 0.306481
0 0.377865 0.638889 0.019271 0.112963
1 0.282813 0.622222 0.021875 0.087037
2 0.279948 0.618981 0.126562 0.069444
4 0.286198 0.575463 0.174479 0.113889
2 0.194271 0.598148 0.125 0.085185
