2 0.896094 0.757407 0.205729 0.485185
1 0.826823 0.704167 0.028646 0.087963
1 0.792969 0.711111 0.031771 0.109259
1 0.7125 0.685648 0.017708 0.078704
2 0.566927 0.6875 0.063021 0.084259
2 0.517969 0.666667 0.028646 0.038889
2 0.479687 0.704167 0.102083 0.14537
4 0.413542 0.644444 0.021875 0.038889
2 0.373177 0.672685 0.074479 0.112037
2 0.334375 0.660648 0.059375 0.080556
2 0.261719 0.675 0.091146 0.096296
4 0.195573 0.623611 0.127604 0.134259
2 0.188021 0.673611 0.092708 0.087963
2 0.091406 0.656019 0.093229 0.10463
4 0.033333 0.619444 0.065625 0.218519
