3 0.634375 0.664815 0.376042 0.424074
2 0.453906 0.676852 0.024479 0.042593
3 0.44375 0.650926 0.021875 0.053704
2 0.423698 0.665741 0.008854 0.016667
2 0.41276 0.672222 0.016146 0.027778
2 0.400521 0.672685 0.020833 0.036111
2 0.385417 0.67037 0.034375 0.062963
2 0.353906 0.675463 0.029687 0.037963
2 0.328385 0.678704 0.028646 0.05
2 0.311719 0.678241 0.040104 0.062037
2 0.290104 0.684722 0.047917 0.065741
2 0.258854 0.690278 0.063542 0.084259
2 0.214062 0.699074 0.0875 0.107407
4 0.19375 0.643056 0.120833 0.167593
2 0.133073 0.715278 0.159896 0.156481
2 0.040365 0.706944 0.080729 0.113889
