1 0.020313 0.606481 0.040625 0.085185
0 0.065885 0.606944 0.034896 0.19537
2 0.11875 0.618981 0.148958 0.128704
2 0.076563 0.61713 0.121875 0.093519
2 0.256771 0.618981 0.089583 0.076852
3 0.369792 0.589815 0.117708 0.177778
2 0.448177 0.632407 0.057812 0.064815
2 0.483073 0.633796 0.043229 0.056481
2 0.523958 0.630093 0.032292 0.039815
2 0.552344 0.625463 0.032813 0.036111
2 0.582552 0.630556 0.030729 0.031481
2 0.601042 0.631019 0.023958 0.025
1 0.709635 0.664815 0.024479 0.105556
1 0.726042 0.670833 0.041667 0.123148
1 0.765625 0.660648 0.025 0.069444
1 0.783594 0.668056 0.027604 0.119444
1 0.85026 0.677778 0.030729 0.105556
1 0.955729 0.690278 0.06875 0.149074
1 0.963281 0.739815 0.072396 0.324074
