4 0.086719 0.568056 0.174479 0.369444
2 0.363542 0.653241 0.05625 0.067593
3 0.46276 0.624074 0.053646 0.124074
2 0.519531 0.683333 0.092188 0.138889
2 0.589583 0.659259 0.036458 0.051852
2 0.569271 0.644444 0.0125 0.018519
0 0.610677 0.655093 0.007812 0.036111
1 0.628646 0.659722 0.0125 0.047222
2 0.693229 0.684259 0.120833 0.159259
1 0.751563 0.676389 0.021875 0.108333
1 0.759115 0.68287 0.023438 0.089815
1 0.802865 0.688889 0.027604 0.116667
1 0.813281 0.684259 0.023438 0.109259
2 0.828646 0.671296 0.097917 0.066667
1 0.935417 0.711574 0.061458 0.150926
1 0.902604 0.702778 0.047917 0.116667
1 0.878125 0.695833 0.041667 0.097222
2 0.89974 0.681481 0.125521 0.072222
0 0.992448 0.673611 0.016146 0.076852
