1 0.059635 0.609259 0.026562 0.062963
1 0.093229 0.610648 0.025 0.05463
1 0.129688 0.609722 0.026042 0.062037
1 0.185677 0.606944 0.024479 0.058333
1 0.21849 0.610185 0.024479 0.048148
2 0.274219 0.608333 0.061979 0.05
0 0.277344 0.602315 0.018229 0.089815
2 0.353125 0.608333 0.04375 0.042593
2 0.371615 0.608796 0.051562 0.043519
3 0.432031 0.583796 0.061979 0.093519
2 0.479948 0.60787 0.038021 0.041667
2 0.506771 0.605093 0.029167 0.032407
2 0.520833 0.602315 0.019792 0.025
2 0.536979 0.599537 0.023958 0.028704
2 0.55625 0.601852 0.021875 0.025926
2 0.571615 0.601389 0.017188 0.019444
1 0.674219 0.625463 0.029687 0.108333
5 0.732292 0.66713 0.083333 0.213889
1 0.749479 0.612037 0.046875 0.103704
0 0.780729 0.618519 0.014583 0.053704
1 0.883594 0.677315 0.096354 0.249074
