2 0.271354 0.64213 0.090625 0.100926
2 0.380208 0.644907 0.080208 0.110185
2 0.670573 0.694444 0.129688 0.174074
0 0.972135 0.673611 0.048438 0.173148
0 0.989844 0.638889 0.020313 0.17037
1 0.815104 0.734722 0.142708 0.221296
2 0.608073 0.613426 0.074479 0.121296
2 0.421094 0.580556 0.025521 0.038889
2 0.509896 0.567593 0.017708 0.02963
0 0.682292 0.596296 0.014583 0.074074
2 0.55599 0.584722 0.031771 0.056481
1 0.376042 0.598611 0.014583 0.047222
2 0.578385 0.611574 0.045312 0.067593
2 0.567187 0.599537 0.0375 0.05463
