3 0.133073 0.642593 0.070312 0.088889
2 0.284635 0.640741 0.029687 0.037037
2 0.307552 0.635648 0.022396 0.026852
3 0.347917 0.625926 0.038542 0.027778
3 0.408594 0.609259 0.018229 0.031481
2 0.43099 0.624074 0.023438 0.044444
2 0.459375 0.628704 0.030208 0.068519
2 0.479687 0.626389 0.01875 0.028704
3 0.4875 0.617593 0.011458 0.025926
3 0.504948 0.611111 0.016146 0.040741
2 0.516146 0.627778 0.016667 0.02037
3 0.551823 0.623148 0.028646 0.048148
2 0.627865 0.651389 0.059896 0.065741
2 0.899479 0.721759 0.198958 0.20463
