2 0.034896 0.733333 0.053125 0.07037
2 0.082292 0.743056 0.072917 0.089815
2 0.134635 0.730556 0.021354 0.02963
2 0.164844 0.733333 0.020313 0.031481
1 0.380729 0.760648 0.058333 0.130556
1 0.426042 0.778704 0.047917 0.112963
1 0.46901 0.774537 0.045312 0.115741
1 0.526823 0.776852 0.083854 0.138889
1 0.557031 0.769444 0.042188 0.107407
1 0.584896 0.774074 0.0625 0.127778
1 0.630208 0.782407 0.054167 0.127778
0 0.670312 0.771296 0.016667 0.096296
2 0.785937 0.795833 0.229167 0.165741
2 0.846354 0.835185 0.253125 0.327778
1 0.320833 0.758333 0.021875 0.077778
