0 0.420833 0.75463 0.067708 0.318519
0 0.373437 0.73287 0.0625 0.326852
0 0.394531 0.713889 0.042188 0.288889
0 0.338802 0.748148 0.052604 0.262963
0 0.529167 0.66713 0.021875 0.100926
1 0.46849 0.671759 0.042188 0.106481
1 0.715104 0.77963 0.153125 0.407407
2 0.628385 0.65787 0.034896 0.058333
2 0.660937 0.668056 0.0375 0.058333
2 0.617188 0.660648 0.029167 0.049074
2 0.856771 0.7 0.286458 0.237037
0 0.233073 0.743056 0.046354 0.236111
0 0.260156 0.710648 0.059896 0.225
0 0.231771 0.698611 0.029167 0.202778
0 0.209896 0.710185 0.0375 0.183333
0 0.157812 0.694444 0.063542 0.296296
0 0.163281 0.69213 0.041146 0.221296
0 0.010677 0.744444 0.021354 0.257407
0 0.034635 0.727778 0.050521 0.255556
0 0.070312 0.70787 0.034375 0.226852
0 0.074219 0.727315 0.027604 0.160185
0 0.085417 0.706481 0.03125 0.181481
0 0.105208 0.688426 0.015625 0.078704
0 0.111979 0.674537 0.014583 0.100926
0 0.178385 0.672685 0.017188 0.093519
0 0.302604 0.683796 0.014583 0.080556
0 0.309115 0.678241 0.016146 0.078704
2 0.31875 0.666204 0.027083 0.063889
2 0.345833 0.658796 0.0375 0.084259
0 0.290625 0.673148 0.022917 0.094444
