2 0.029687 0.674074 0.059375 0.083333
1 0.286979 0.655093 0.010417 0.039815
2 0.367708 0.648148 0.01875 0.024074
2 0.420573 0.650463 0.025521 0.026852
2 0.410417 0.647685 0.01875 0.017593
2 0.45 0.652778 0.021875 0.024074
4 0.43099 0.639815 0.011979 0.031481
2 0.479687 0.64213 0.007292 0.010185
2 0.491406 0.643056 0.008854 0.012037
0 0.54349 0.652315 0.009896 0.047222
1 0.530469 0.654167 0.009896 0.030556
1 0.633333 0.669444 0.022917 0.088889
1 0.641146 0.670833 0.033333 0.108333
0 0.708333 0.671759 0.023958 0.134259
1 0.738542 0.678704 0.0625 0.194444
0 0.804948 0.655556 0.018229 0.107407
1 0.91849 0.669907 0.108854 0.212037
