2 0.357812 0.668519 0.046875 0.061111
2 0.402344 0.656481 0.024479 0.033333
2 0.322135 0.665278 0.032813 0.047222
2 0.244792 0.685648 0.132292 0.130556
1 0.185677 0.656944 0.014063 0.052778
0 0.106771 0.660648 0.011458 0.049074
3 0.472396 0.631019 0.06875 0.171296
2 0.509115 0.656944 0.009896 0.015741
2 0.516146 0.660648 0.014583 0.026852
2 0.529167 0.666667 0.022917 0.037037
2 0.56901 0.683796 0.072396 0.106481
4 0.657813 0.643056 0.136458 0.186111
1 0.763281 0.693056 0.024479 0.082407
2 0.895052 0.662963 0.061979 0.053704
