2 0.038021 0.675 0.076042 0.107407
2 0.113802 0.676852 0.076563 0.094444
2 0.193229 0.721296 0.152083 0.144444
2 0.282552 0.707407 0.091146 0.109259
2 0.335677 0.701852 0.059896 0.088889
2 0.367188 0.698148 0.046875 0.072222
2 0.390104 0.693519 0.039583 0.064815
2 0.413281 0.690741 0.035937 0.053704
2 0.426302 0.687037 0.030729 0.051852
2 0.440104 0.687037 0.023958 0.044444
2 0.454167 0.68287 0.021875 0.037963
2 0.480729 0.675 0.015625 0.02963
2 0.49401 0.675 0.011979 0.02037
2 0.502083 0.674537 0.010417 0.017593
2 0.557292 0.674074 0.0125 0.022222
2 0.560677 0.678704 0.013021 0.022222
2 0.597917 0.692593 0.039583 0.072222
2 0.63776 0.718981 0.072396 0.113889
2 0.689583 0.733796 0.127083 0.160185
