2 0.027083 0.663889 0.054167 0.118519
3 0.110937 0.598611 0.147917 0.20463
3 0.198177 0.596759 0.113021 0.180556
3 0.269531 0.614815 0.083854 0.133333
2 0.257812 0.676852 0.15 0.17037
2 0.328385 0.635185 0.015104 0.022222
2 0.340625 0.636111 0.0125 0.018519
2 0.351823 0.633796 0.011979 0.023148
2 0.368229 0.630556 0.033333 0.035185
3 0.392188 0.617593 0.03125 0.051852
3 0.413802 0.626389 0.017188 0.026852
4 0.432292 0.623148 0.016667 0.02037
2 0.432812 0.631944 0.013542 0.019444
1 0.545052 0.630093 0.007812 0.019444
2 0.527604 0.629167 0.008333 0.012037
2 0.518229 0.630093 0.010417 0.015741
2 0.510156 0.62963 0.009896 0.012963
2 0.500781 0.62963 0.009896 0.014815
2 0.489063 0.629167 0.011458 0.015741
2 0.479687 0.631481 0.013542 0.02037
1 0.596875 0.627778 0.010417 0.02037
1 0.605469 0.628704 0.010937 0.02037
2 0.788281 0.62963 0.065104 0.046296
