2 0.054948 0.792593 0.109896 0.416667
0 0.182031 0.678704 0.063021 0.227778
2 0.165885 0.676852 0.159896 0.146296
1 0.316406 0.639352 0.008854 0.039815
2 0.344271 0.634722 0.040625 0.025
2 0.382031 0.641667 0.036979 0.05
2 0.420573 0.633796 0.031771 0.021296
2 0.45599 0.633796 0.013021 0.021296
2 0.481771 0.634722 0.014583 0.017593
2 0.436458 0.631019 0.0125 0.028704
2 0.875781 0.785185 0.245312 0.425926
1 0.76224 0.705093 0.098437 0.210185
0 0.790365 0.643056 0.011979 0.071296
2 0.652865 0.6875 0.129688 0.171296
2 0.606771 0.678704 0.076042 0.114815
2 0.583854 0.658796 0.067708 0.102778
2 0.55599 0.650926 0.044271 0.068519
2 0.545573 0.635185 0.044271 0.085185
2 0.501042 0.635185 0.009375 0.014815
