0 0.278385 0.608333 0.018229 0.096296
2 0.380729 0.652315 0.133333 0.175
2 0.470312 0.60787 0.01875 0.019444
0 0.482292 0.613889 0.008333 0.033333
2 0.494792 0.606944 0.011458 0.021296
1 0.517448 0.625926 0.013021 0.053704
1 0.507812 0.617593 0.011458 0.038889
2 0.53151 0.615278 0.021354 0.032407
2 0.551302 0.626389 0.032813 0.047222
2 0.56875 0.628704 0.042708 0.055556
0 0.617708 0.719907 0.117708 0.547222
2 0.705729 0.690741 0.134375 0.185185
2 0.810937 0.724537 0.317708 0.286111
0 0.813281 0.737963 0.110937 0.431481
0 0.925 0.669907 0.035417 0.165741
2 0.926562 0.816667 0.145833 0.368519
