2 0.982031 0.668981 0.035937 0.052778
2 0.915104 0.665741 0.0875 0.061111
2 0.858073 0.664815 0.073438 0.053704
1 0.814063 0.661574 0.016667 0.052778
1 0.802604 0.66713 0.015625 0.058333
1 0.76276 0.663889 0.031771 0.051852
1 0.781771 0.665278 0.026042 0.04537
2 0.024219 0.655093 0.047396 0.084259
2 0.048698 0.643056 0.058854 0.067593
2 0.088542 0.643981 0.046875 0.047222
4 0.122396 0.621296 0.08125 0.072222
2 0.242708 0.640741 0.061458 0.062963
3 0.47526 0.631481 0.139063 0.337037
2 0.684635 0.714352 0.128646 0.167593
2 0.571094 0.662037 0.055729 0.105556
3 0.35651 0.621296 0.034896 0.044444
