3 0.116146 0.58287 0.057292 0.05463
2 0.161198 0.590741 0.054688 0.040741
2 0.203906 0.593056 0.038021 0.032407
2 0.238281 0.590741 0.033854 0.038889
2 0.326823 0.599537 0.044271 0.052778
2 0.279687 0.618981 0.083333 0.099074
2 0.4125 0.650926 0.15 0.242593
2 0.515365 0.626389 0.057812 0.071296
2 0.569792 0.639352 0.0875 0.139815
1 0.615365 0.620833 0.019271 0.036111
1 0.639844 0.626852 0.018229 0.042593
1 0.696094 0.625463 0.022396 0.032407
0 0.782292 0.631481 0.00625 0.02963
1 0.923958 0.650926 0.019792 0.072222
0 0.901562 0.639352 0.011458 0.063889
