2 0.03776 0.719907 0.074479 0.158333
2 0.131771 0.696296 0.1375 0.142593
2 0.29974 0.689352 0.055729 0.067593
2 0.34349 0.679167 0.038021 0.052778
2 0.373698 0.675926 0.032813 0.046296
0 0.372135 0.675926 0.011979 0.046296
1 0.400781 0.674074 0.008854 0.035185
2 0.425521 0.67037 0.014583 0.022222
0 0.460156 0.680556 0.016146 0.064815
2 0.4375 0.669907 0.013542 0.023148
2 0.44974 0.668981 0.011979 0.021296
0 0.596875 0.680556 0.0125 0.061111
0 0.563542 0.688889 0.009375 0.062963
0 0.509115 0.675 0.008854 0.048148
2 0.577865 0.685185 0.035937 0.062963
2 0.865885 0.768056 0.258854 0.367593
2 0.73724 0.736111 0.135937 0.161111
2 0.647396 0.714352 0.083333 0.110185
0 0.549219 0.691667 0.010937 0.048148
