2 0.022135 0.680556 0.046354 0.094444
0 0.08776 0.662037 0.008854 0.053704
0 0.09349 0.665278 0.013021 0.060185
0 0.186458 0.67037 0.011458 0.046296
2 0.218229 0.674074 0.082292 0.074074
0 0.30026 0.659259 0.006771 0.035185
2 0.351302 0.662037 0.028646 0.044444
2 0.375 0.652315 0.021875 0.032407
2 0.395573 0.658333 0.017188 0.02037
2 0.408073 0.656019 0.015104 0.019444
3 0.414062 0.648611 0.0125 0.028704
2 0.435417 0.656944 0.008333 0.013889
2 0.446354 0.658333 0.020833 0.02037
3 0.479427 0.64213 0.035937 0.087963
2 0.502083 0.660648 0.017708 0.026852
4 0.525781 0.649074 0.030729 0.051852
2 0.546354 0.663889 0.038542 0.074074
2 0.5875 0.683333 0.079167 0.112963
1 0.636719 0.668981 0.015104 0.05463
0 0.729167 0.673148 0.016667 0.074074
1 0.767188 0.684722 0.030208 0.087963
0 0.788021 0.682407 0.0125 0.055556
