2 0.172135 0.611111 0.075521 0.074074
2 0.238021 0.608796 0.065625 0.05463
2 0.264323 0.609722 0.061979 0.049074
2 0.270052 0.597222 0.073438 0.053704
1 0.393229 0.660185 0.017708 0.066667
1 0.458594 0.615741 0.006771 0.025926
2 0.504948 0.652315 0.051562 0.100926
2 0.546094 0.627315 0.024479 0.036111
2 0.567708 0.640741 0.029167 0.044444
2 0.592708 0.658333 0.04375 0.062963
2 0.673698 0.702778 0.105729 0.142593
0 0.966146 0.693519 0.026042 0.107407
0 0.79974 0.839352 0.101562 0.319444
2 0.88776 0.866204 0.224479 0.265741
