2 0.902865 0.781944 0.195312 0.436111
1 0.829948 0.671296 0.015104 0.068519
1 0.811979 0.65 0.013542 0.051852
1 0.802344 0.66713 0.021354 0.071296
0 0.78724 0.647685 0.015104 0.05463
0 0.757292 0.653241 0.008333 0.04537
1 0.740885 0.684722 0.049479 0.136111
1 0.723437 0.643981 0.008333 0.037963
1 0.709635 0.646759 0.009896 0.041667
2 0.660937 0.650463 0.063542 0.091667
2 0.626563 0.657407 0.091667 0.17037
2 0.560156 0.645833 0.024479 0.037963
2 0.483333 0.680556 0.091667 0.140741
2 0.429167 0.637037 0.022917 0.035185
2 0.394792 0.636574 0.035417 0.056481
2 0.259375 0.658333 0.211458 0.305556
2 0.096615 0.774537 0.194271 0.450926
2 0.06276 0.629167 0.127604 0.182407
