1 0.151042 0.677315 0.035417 0.128704
1 0.414323 0.649537 0.009896 0.037963
2 0.457292 0.643056 0.010417 0.023148
2 0.463542 0.648148 0.013542 0.022222
2 0.480729 0.646759 0.0125 0.019444
2 0.50599 0.647222 0.013021 0.02037
2 0.497396 0.646296 0.014583 0.025926
1 0.533854 0.648148 0.00625 0.027778
0 0.54974 0.658796 0.017188 0.067593
3 0.607031 0.623611 0.096354 0.175
1 0.821615 0.761111 0.123437 0.359259
0 0.867708 0.692593 0.0125 0.1
0 0.884635 0.681481 0.020313 0.107407
0 0.944271 0.706019 0.032292 0.076852
0 0.96849 0.697222 0.023438 0.105556
