0 0.993229 0.647222 0.011458 0.061111
0 0.980729 0.649074 0.010417 0.059259
1 0.917187 0.665741 0.016667 0.072222
2 0.896094 0.655093 0.045312 0.032407
2 0.866667 0.652315 0.015625 0.028704
2 0.851302 0.658333 0.025521 0.048148
2 0.833854 0.664352 0.05 0.063889
2 0.805469 0.653704 0.022396 0.035185
1 0.789844 0.666204 0.027604 0.110185
1 0.732552 0.656481 0.015104 0.05
2 0.694271 0.644907 0.034375 0.028704
2 0.671354 0.64213 0.0375 0.034259
2 0.648438 0.639352 0.048958 0.043519
2 0.623958 0.641204 0.053125 0.043519
2 0.620052 0.643519 0.052604 0.042593
0 0.623437 0.640278 0.011458 0.052778
0 0.61276 0.639352 0.007812 0.047222
2 0.557292 0.643981 0.057292 0.05463
2 0.440365 0.637963 0.076563 0.062963
2 0.42526 0.638889 0.085938 0.068519
0 0.415365 0.641667 0.020313 0.087037
2 0.35625 0.635185 0.103125 0.075926
2 0.31224 0.635185 0.108854 0.07963
1 0.311979 0.637037 0.041667 0.111111
0 0.285417 0.636574 0.023958 0.125
2 0.236198 0.618981 0.124479 0.110185
2 0.156771 0.626852 0.11875 0.1
0 0.131771 0.590278 0.014583 0.086111
0 0.06276 0.625463 0.039062 0.139815
2 0.072917 0.601389 0.145833 0.158333
1 0.02526 0.679167 0.051562 0.243519
