2 0.940625 0.713889 0.115625 0.098148
0 0.74349 0.678704 0.023438 0.07037
1 0.710938 0.681944 0.045833 0.080556
2 0.651823 0.644444 0.014063 0.02037
2 0.579948 0.663889 0.042188 0.061111
2 0.477083 0.685185 0.196875 0.135185
3 0.419792 0.624537 0.021875 0.047222
2 0.384635 0.650926 0.031771 0.044444
2 0.359896 0.644444 0.025 0.038889
0 0.343229 0.652778 0.014583 0.053704
2 0.338021 0.650463 0.036458 0.043519
0 0.315104 0.651852 0.009375 0.053704
2 0.300521 0.639815 0.028125 0.038889
2 0.245312 0.656944 0.1375 0.086111
2 0.221354 0.647685 0.0375 0.036111
1 0.118229 0.653704 0.040625 0.061111
0 0.105729 0.649537 0.010417 0.052778
0 0.06901 0.651389 0.011979 0.056481
1 0.010937 0.647685 0.01875 0.071296
