2 0.066927 0.643519 0.043229 0.035185
2 0.10599 0.641667 0.045312 0.033333
2 0.188542 0.640278 0.046875 0.030556
2 0.245312 0.659259 0.098958 0.1
2 0.41276 0.640741 0.027604 0.038889
2 0.445573 0.637963 0.014063 0.022222
2 0.453646 0.643056 0.023958 0.039815
2 0.494531 0.601389 0.033854 0.058333
2 0.490365 0.668056 0.085938 0.149074
4 0.551042 0.62963 0.036458 0.066667
2 0.550521 0.645833 0.033333 0.056481
1 0.619531 0.650926 0.010937 0.033333
1 0.639323 0.645833 0.008854 0.034259
0 0.67526 0.649537 0.007812 0.034259
