1 0.054688 0.750463 0.077083 0.269444
0 0.041146 0.647685 0.011458 0.062037
0 0.095573 0.673611 0.017188 0.10463
0 0.114062 0.678241 0.023958 0.099074
0 0.316667 0.677315 0.013542 0.058333
2 0.50599 0.722685 0.140104 0.206481
2 0.608073 0.656481 0.024479 0.033333
4 0.63724 0.623148 0.022396 0.040741
2 0.655729 0.681944 0.058333 0.087963
2 0.628385 0.655556 0.015104 0.027778
1 0.590885 0.636574 0.004687 0.019444
0 0.702865 0.668981 0.010937 0.058333
2 0.691927 0.650463 0.020313 0.032407
0 0.726562 0.68287 0.022917 0.100926
2 0.735417 0.68287 0.067708 0.080556
0 0.782552 0.678241 0.015104 0.09537
0 0.801823 0.678704 0.022396 0.092593
1 0.819271 0.668056 0.0125 0.049074
0 0.945052 0.691667 0.027604 0.151852
0 0.925781 0.743519 0.058854 0.3
2 0.920833 0.694907 0.158333 0.123148
