2 0.853646 0.805093 0.29375 0.391667
1 0.771354 0.681481 0.028125 0.074074
0 0.751042 0.679167 0.008333 0.04537
2 0.677865 0.710185 0.144271 0.190741
2 0.595573 0.691204 0.064062 0.091667
2 0.473177 0.789352 0.261979 0.367593
2 0.336198 0.684259 0.103646 0.116667
4 0.380729 0.643056 0.038542 0.062037
4 0.354687 0.650463 0.045833 0.09537
2 0.291927 0.663426 0.043229 0.043519
0 0.267448 0.64537 0.006771 0.033333
1 0.248177 0.653241 0.013021 0.037963
1 0.235677 0.655093 0.016146 0.039815
1 0.196094 0.658333 0.024479 0.044444
2 0.134375 0.6625 0.076042 0.043519
0 0.090625 0.661111 0.010417 0.042593
