1 0.808594 0.7 0.040104 0.111111
1 0.780208 0.69537 0.032292 0.094444
0 0.754427 0.674537 0.014063 0.075
0 0.736719 0.669907 0.015104 0.065741
0 0.652604 0.650463 0.009375 0.047222
1 0.598177 0.646296 0.007812 0.035185
0 0.584635 0.643519 0.007812 0.033333
2 0.518229 0.628704 0.0125 0.02037
3 0.495052 0.613889 0.026562 0.068519
0 0.384375 0.637963 0.00625 0.022222
1 0.373698 0.641204 0.007812 0.028704
1 0.313021 0.648611 0.010417 0.04537
0 0.247396 0.648148 0.014583 0.072222
0 0.144271 0.657407 0.009375 0.051852
2 0.190365 0.65787 0.093229 0.047222
