0 0.859635 0.659722 0.017188 0.091667
1 0.805729 0.692593 0.066667 0.188889
0 0.7375 0.644907 0.011458 0.052778
2 0.650781 0.644444 0.058854 0.064815
2 0.617188 0.631944 0.051042 0.062037
4 0.610156 0.620833 0.125521 0.093519
2 0.517969 0.628704 0.020313 0.02963
2 0.504167 0.625463 0.015625 0.026852
0 0.492188 0.626852 0.005208 0.02963
2 0.489323 0.626389 0.011979 0.017593
3 0.475521 0.616667 0.011458 0.025926
2 0.463802 0.619444 0.007812 0.012963
1 0.445052 0.624537 0.022396 0.041667
1 0.428906 0.62037 0.003646 0.018519
2 0.338542 0.614815 0.061458 0.055556
0 0.173177 0.626389 0.029687 0.165741
1 0.070833 0.621296 0.061458 0.188889
