2 0.910937 0.644907 0.09375 0.073148
2 0.840104 0.641204 0.075 0.071296
2 0.791927 0.642593 0.068229 0.07963
2 0.744792 0.629167 0.059375 0.060185
3 0.798177 0.580093 0.183854 0.126852
1 0.792448 0.699537 0.058854 0.125
1 0.623698 0.631019 0.027604 0.078704
0 0.589323 0.633796 0.013021 0.078704
0 0.580729 0.632407 0.014583 0.081481
2 0.55651 0.571296 0.028646 0.027778
1 0.545052 0.608333 0.018229 0.057407
4 0.467969 0.604167 0.111979 0.219444
2 0.321875 0.462037 0.013542 0.024074
2 0.355729 0.637037 0.067708 0.085185
3 0.341146 0.587963 0.042708 0.062963
2 0.316667 0.590741 0.025 0.027778
1 0.297135 0.588889 0.006771 0.025926
2 0.26849 0.594444 0.034896 0.042593
1 0.232813 0.594444 0.008333 0.035185
3 0.075781 0.589352 0.129688 0.10463
