1 0.13151 0.646296 0.015104 0.044444
2 0.280208 0.649074 0.040625 0.042593
2 0.300521 0.641667 0.035417 0.044444
2 0.334635 0.650926 0.034896 0.042593
1 0.355469 0.67037 0.040104 0.096296
2 0.384115 0.650926 0.039062 0.046296
2 0.410156 0.643519 0.025521 0.038889
3 0.421094 0.625463 0.023438 0.049074
1 0.475781 0.658333 0.022396 0.066667
2 0.494271 0.634722 0.009375 0.013889
2 0.503125 0.638889 0.010417 0.014815
4 0.517969 0.628241 0.010937 0.021296
1 0.623437 0.661574 0.0125 0.052778
1 0.648698 0.660648 0.008854 0.047222
1 0.671875 0.669444 0.015625 0.059259
1 0.685677 0.668519 0.013021 0.055556
1 0.769531 0.67963 0.031771 0.068519
1 0.827083 0.672222 0.01875 0.059259
