4 0.839583 0.672222 0.320833 0.414815
2 0.038542 0.740278 0.076042 0.15463
2 0.185156 0.730093 0.060937 0.076852
2 0.210677 0.7375 0.083854 0.084259
2 0.258594 0.730093 0.042188 0.052778
4 0.301302 0.714815 0.038021 0.053704
2 0.310937 0.728241 0.021875 0.032407
2 0.322917 0.725926 0.01875 0.031481
2 0.341667 0.731019 0.026042 0.036111
2 0.369531 0.743056 0.058854 0.078704
2 0.402344 0.727315 0.014063 0.021296
4 0.400781 0.715278 0.017188 0.036111
2 0.420312 0.727778 0.0125 0.014815
2 0.450781 0.726852 0.009896 0.016667
4 0.448958 0.72037 0.011458 0.02037
4 0.46849 0.720833 0.016146 0.034259
