2 0.055208 0.645833 0.108333 0.080556
2 0.111719 0.647685 0.103646 0.073148
2 0.142969 0.639815 0.085938 0.074074
2 0.171875 0.642593 0.070833 0.066667
2 0.184635 0.633796 0.077604 0.067593
2 0.231771 0.638889 0.069792 0.044444
2 0.280729 0.632407 0.064583 0.038889
2 0.407031 0.644907 0.024479 0.036111
2 0.428385 0.655556 0.052604 0.062963
2 0.511198 0.642593 0.018229 0.02963
2 0.538281 0.641204 0.014063 0.019444
3 0.532813 0.631944 0.016667 0.032407
1 0.582812 0.646759 0.009375 0.037963
1 0.594531 0.651852 0.013021 0.05
5 0.639844 0.659722 0.030729 0.067593
1 0.814583 0.698148 0.048958 0.174074
2 0.356771 0.636574 0.039583 0.032407
2 0.373437 0.636574 0.0375 0.028704
