1 0.95651 0.797222 0.059896 0.153704
1 0.778385 0.784722 0.031771 0.097222
0 0.734115 0.77037 0.014063 0.074074
2 0.63724 0.764815 0.113021 0.148148
3 0.569792 0.722685 0.072917 0.126852
2 0.486979 0.746296 0.029167 0.044444
4 0.490625 0.722222 0.04375 0.072222
2 0.46875 0.737963 0.011458 0.022222
2 0.448437 0.736111 0.014583 0.02037
2 0.413021 0.740741 0.022917 0.033333
2 0.3875 0.741204 0.035417 0.049074
4 0.354948 0.718981 0.035937 0.071296
2 0.3 0.749074 0.097917 0.118519
2 0.340365 0.739815 0.027604 0.042593
4 0.260937 0.700926 0.130208 0.162963
