2 0.035677 0.714352 0.071354 0.189815
2 0.099479 0.674537 0.132292 0.180556
2 0.197656 0.681944 0.093229 0.10463
2 0.257812 0.673611 0.063542 0.086111
2 0.295573 0.668981 0.048438 0.076852
2 0.320052 0.653241 0.032813 0.04537
2 0.355208 0.682407 0.08125 0.094444
2 0.402604 0.655556 0.022917 0.031481
4 0.453125 0.639352 0.035417 0.071296
4 0.493229 0.64537 0.021875 0.046296
2 0.546354 0.665278 0.01875 0.028704
2 0.59349 0.662963 0.039062 0.074074
2 0.610417 0.668519 0.045833 0.07963
2 0.626302 0.684259 0.043229 0.074074
2 0.650781 0.693056 0.057812 0.086111
2 0.697396 0.706944 0.082292 0.115741
2 0.81276 0.698611 0.190104 0.221296
1 0.817448 0.743056 0.078646 0.308333
