2 0.168229 0.656481 0.065625 0.059259
2 0.216667 0.644444 0.044792 0.061111
2 0.239844 0.647222 0.064062 0.07037
2 0.278125 0.633333 0.045833 0.075926
3 0.253385 0.625926 0.056771 0.087037
2 0.308854 0.654167 0.061458 0.089815
2 0.361979 0.644907 0.030208 0.037963
0 0.411979 0.643981 0.011458 0.073148
0 0.421615 0.663889 0.015104 0.088889
3 0.44349 0.631944 0.020313 0.043519
2 0.484896 0.64537 0.014583 0.027778
2 0.536979 0.698148 0.091667 0.135185
3 0.520052 0.626852 0.030729 0.077778
2 0.63125 0.6875 0.077083 0.108333
2 0.865104 0.799537 0.26875 0.402778
