3 0.097917 0.29537 0.084375 0.074074
2 0.86901 0.801389 0.263021 0.317593
1 0.671615 0.721759 0.011979 0.04537
1 0.648438 0.725 0.017708 0.035185
1 0.622917 0.722222 0.011458 0.046296
1 0.603385 0.726852 0.009896 0.035185
1 0.594531 0.724537 0.007812 0.032407
2 0.572656 0.731944 0.043229 0.071296
2 0.499219 0.789815 0.174479 0.257407
3 0.40026 0.693981 0.065104 0.149074
2 0.377865 0.745833 0.090104 0.108333
3 0.304167 0.694444 0.095833 0.161111
2 0.184115 0.780093 0.242188 0.249074
2 0.046094 0.733796 0.092188 0.139815
