2 0.167448 0.719907 0.333854 0.463889
2 0.495312 0.663426 0.067708 0.05463
2 0.508073 0.672222 0.060937 0.053704
2 0.528906 0.675463 0.078646 0.056481
2 0.540365 0.677315 0.078646 0.056481
2 0.577604 0.67037 0.082292 0.07037
2 0.63151 0.674537 0.127604 0.113889
2 0.685156 0.683796 0.188021 0.115741
2 0.773698 0.706944 0.332813 0.215741
1 0.713542 0.775463 0.128125 0.376852
0 0.911979 0.661111 0.026042 0.175926
0 0.899479 0.660185 0.041667 0.168519
2 0.911979 0.65463 0.109375 0.085185
2 0.940104 0.634722 0.071875 0.069444
2 0.963542 0.640278 0.071875 0.069444
2 0.980469 0.65 0.038021 0.098148
3 0.475 0.651852 0.053125 0.072222
