3 0.076042 0.623148 0.152083 0.242593
2 0.267708 0.663426 0.030208 0.032407
0 0.301823 0.663889 0.008854 0.05
2 0.22474 0.659722 0.031771 0.034259
2 0.346615 0.658796 0.031771 0.023148
2 0.344531 0.651389 0.035937 0.034259
2 0.397656 0.656944 0.023438 0.017593
2 0.434896 0.662037 0.029167 0.038889
2 0.476302 0.6625 0.022396 0.028704
2 0.516667 0.668056 0.033333 0.05463
2 0.533594 0.665278 0.017188 0.023148
2 0.563542 0.688889 0.058333 0.088889
2 0.641927 0.663426 0.054688 0.099074
4 0.779687 0.614815 0.289583 0.385185
0 0.932292 0.708796 0.021875 0.069444
0 0.947135 0.699074 0.024479 0.114815
