2 0.905729 0.78287 0.1875 0.432407
2 0.777344 0.724537 0.241146 0.237963
2 0.655729 0.684259 0.140625 0.175926
2 0.577344 0.678704 0.098437 0.105556
2 0.528906 0.672685 0.070312 0.084259
2 0.484896 0.666204 0.061458 0.069444
2 0.44401 0.656944 0.056771 0.067593
2 0.41224 0.659722 0.046354 0.049074
2 0.380729 0.658333 0.044792 0.046296
2 0.347396 0.654167 0.04375 0.047222
2 0.320312 0.65787 0.036458 0.037963
2 0.305729 0.655093 0.052083 0.036111
2 0.249479 0.656481 0.042708 0.031481
2 0.138281 0.655556 0.035937 0.027778
