2 0.039323 0.631019 0.079687 0.115741
1 0.152344 0.618981 0.025521 0.093519
2 0.272135 0.641667 0.172396 0.198148
2 0.372135 0.614815 0.032813 0.046296
2 0.402604 0.609259 0.025 0.044444
4 0.416667 0.604167 0.022917 0.043519
2 0.435417 0.618056 0.029167 0.039815
2 0.460156 0.614815 0.016146 0.018519
1 0.479948 0.619444 0.010937 0.042593
4 0.478906 0.606481 0.018229 0.038889
0 0.529167 0.641667 0.036458 0.12037
2 0.540104 0.630556 0.042708 0.07037
2 0.521094 0.623148 0.030729 0.038889
2 0.514583 0.622222 0.023958 0.031481
0 0.658073 0.648148 0.018229 0.090741
0 0.707812 0.647685 0.017708 0.084259
0 0.740104 0.639815 0.025 0.114815
0 0.779427 0.65463 0.030729 0.138889
0 0.765625 0.655556 0.017708 0.103704
4 0.90026 0.557407 0.199479 0.85
