2 0.044271 0.605556 0.0875 0.074074
2 0.069531 0.604167 0.093229 0.073148
1 0.335156 0.619907 0.017188 0.080556
4 0.301823 0.578704 0.133854 0.162963
2 0.376302 0.600463 0.064062 0.089815
2 0.414323 0.614352 0.046354 0.056481
2 0.44401 0.623148 0.063021 0.094444
2 0.484115 0.612963 0.016146 0.025926
2 0.508073 0.611111 0.013021 0.018519
2 0.550521 0.610648 0.0125 0.019444
2 0.559375 0.602778 0.010417 0.018519
5 0.579688 0.624537 0.017708 0.056481
2 0.597917 0.618056 0.015625 0.025
4 0.63151 0.598611 0.058854 0.10463
4 0.707812 0.565741 0.167708 0.272222
2 0.824219 0.598148 0.057812 0.059259
2 0.95 0.596759 0.1 0.093519
2 0.904948 0.596759 0.049479 0.05463
5 0.495833 0.604167 0.019792 0.043519
