2 0.14349 0.638426 0.054688 0.041667
2 0.307552 0.64213 0.059896 0.069444
3 0.332813 0.602778 0.066667 0.098148
1 0.389844 0.613426 0.008854 0.028704
3 0.422396 0.6125 0.032292 0.075
2 0.43724 0.623611 0.018229 0.026852
1 0.515104 0.622222 0.008333 0.033333
1 0.53151 0.622222 0.008854 0.035185
1 0.546094 0.622685 0.010937 0.034259
1 0.558073 0.621759 0.011979 0.034259
1 0.5875 0.620833 0.011458 0.032407
1 0.582552 0.634722 0.013021 0.043519
1 0.611979 0.642593 0.010417 0.059259
1 0.625 0.641204 0.015625 0.060185
1 0.67526 0.650463 0.023438 0.071296
