2 0.128906 0.624537 0.099479 0.084259
2 0.099219 0.625 0.110937 0.087037
2 0.023958 0.625 0.046875 0.05
2 0.822656 0.6375 0.014063 0.021296
2 0.786198 0.656481 0.056771 0.075926
4 0.769531 0.623611 0.049479 0.075
4 0.710417 0.618519 0.044792 0.077778
4 0.66875 0.617593 0.045833 0.068519
2 0.851562 0.633333 0.0125 0.016667
2 0.897917 0.658333 0.060417 0.074074
0 0.95651 0.647222 0.008854 0.038889
0 0.610156 0.648148 0.017188 0.092593
4 0.736458 0.619444 0.0375 0.064815
0 0.93125 0.640741 0.007292 0.037037
2 0.208594 0.619444 0.071354 0.087037
