2 0.079427 0.683796 0.158854 0.30463
1 0.259115 0.63287 0.016146 0.076852
1 0.285938 0.620833 0.013542 0.049074
2 0.334115 0.625926 0.066146 0.037037
2 0.400521 0.626389 0.011458 0.017593
2 0.414062 0.625926 0.013542 0.02037
2 0.431771 0.635185 0.035417 0.048148
2 0.457292 0.622222 0.014583 0.027778
2 0.467448 0.623148 0.017188 0.033333
2 0.471094 0.633333 0.019271 0.022222
2 0.49401 0.628704 0.030729 0.051852
2 0.509896 0.641667 0.038542 0.057407
2 0.574219 0.654167 0.091146 0.119444
2 0.706771 0.703241 0.2125 0.223148
