0 0.009375 0.652315 0.009375 0.058333
4 0.10599 0.634722 0.136979 0.117593
4 0.2 0.62963 0.075 0.087037
1 0.20026 0.654167 0.019271 0.069444
0 0.223437 0.647222 0.014583 0.081481
4 0.264062 0.62963 0.053125 0.066667
0 0.273438 0.645833 0.011458 0.071296
0 0.263281 0.645833 0.013021 0.073148
0 0.244271 0.644444 0.014583 0.083333
0 0.361719 0.643519 0.011979 0.075926
0 0.441146 0.644907 0.015625 0.073148
1 0.452083 0.64537 0.021875 0.059259
0 0.473438 0.644907 0.023958 0.080556
4 0.48099 0.630093 0.011979 0.019444
3 0.50651 0.62037 0.045312 0.103704
0 0.50599 0.649537 0.019271 0.073148
2 0.525781 0.641667 0.011979 0.022222
2 0.536719 0.639352 0.011979 0.017593
2 0.544792 0.635185 0.008333 0.011111
0 0.552865 0.648148 0.010937 0.051852
0 0.565104 0.652315 0.013542 0.073148
2 0.577083 0.648611 0.030208 0.060185
2 0.600781 0.654167 0.049479 0.080556
2 0.628906 0.661111 0.064062 0.103704
2 0.672135 0.674074 0.104688 0.146296
0 0.741667 0.659722 0.0125 0.073148
1 0.808333 0.686111 0.035417 0.124074
0 0.786979 0.70787 0.048958 0.247222
0 0.980729 0.740741 0.038542 0.316667
