0 0.088281 0.706944 0.021354 0.099074
0 0.117448 0.672222 0.013021 0.064815
0 0.139844 0.674537 0.014063 0.060185
1 0.291927 0.690741 0.021354 0.07963
0 0.385937 0.680093 0.007292 0.05463
2 0.417708 0.6875 0.045833 0.063889
2 0.485677 0.723148 0.150521 0.214815
2 0.570573 0.672222 0.030729 0.05
4 0.616406 0.647222 0.073438 0.15
1 0.613542 0.693519 0.027083 0.135185
0 0.658333 0.674537 0.0125 0.093519
0 0.670312 0.668519 0.013542 0.085185
0 0.684635 0.65787 0.006771 0.075
0 0.694792 0.672222 0.017708 0.092593
0 0.709635 0.653704 0.011979 0.077778
0 0.73099 0.660185 0.017188 0.103704
1 0.783073 0.700463 0.033854 0.173148
1 0.77474 0.661574 0.024479 0.086111
0 0.796875 0.643519 0.011458 0.072222
0 0.804167 0.65787 0.0125 0.075
0 0.81875 0.669444 0.017708 0.098148
0 0.8375 0.664815 0.019792 0.114815
0 0.873698 0.644444 0.017188 0.105556
1 0.907552 0.756019 0.125521 0.486111
