4 0.798438 0.556481 0.403125 0.661111
2 0.586458 0.680093 0.079167 0.10463
2 0.559115 0.647685 0.066146 0.113889
2 0.5125 0.630556 0.015625 0.02037
2 0.497656 0.631481 0.018229 0.02963
2 0.467969 0.673611 0.064062 0.093519
1 0.425 0.631481 0.009375 0.025926
1 0.361458 0.632407 0.015625 0.033333
1 0.351823 0.646759 0.013021 0.049074
1 0.320052 0.62963 0.017188 0.035185
1 0.286979 0.641667 0.011458 0.046296
2 0.25625 0.626852 0.0625 0.046296
1 0.246354 0.665278 0.021875 0.080556
1 0.21224 0.671296 0.029687 0.098148
0 0.171094 0.622222 0.010937 0.055556
0 0.166406 0.628241 0.007812 0.04537
0 0.223958 0.633796 0.010417 0.041667
