4 0.884375 0.583333 0.225 0.818519
2 0.694271 0.785648 0.172917 0.263889
2 0.594271 0.781019 0.107292 0.132407
2 0.548177 0.763426 0.063021 0.086111
4 0.561458 0.725926 0.069792 0.107407
2 0.511458 0.75463 0.042708 0.062963
3 0.476823 0.716204 0.039062 0.075
2 0.434375 0.735648 0.021875 0.036111
2 0.385156 0.725926 0.027604 0.027778
1 0.392448 0.725926 0.015104 0.02963
2 0.355729 0.726389 0.038542 0.025
2 0.309896 0.719444 0.035417 0.027778
0 0.026562 0.6875 0.011458 0.047222
0 0.007031 0.686111 0.011979 0.055556
