0 0.945573 0.687037 0.030729 0.101852
0 0.779948 0.667593 0.023438 0.066667
2 0.671875 0.700463 0.105208 0.156481
1 0.54349 0.663426 0.015104 0.069444
2 0.539583 0.644444 0.015625 0.025926
2 0.525781 0.645833 0.014063 0.015741
2 0.480208 0.649074 0.015625 0.018519
1 0.451562 0.644444 0.008333 0.02963
2 0.353125 0.65 0.061458 0.051852
2 0.320573 0.656481 0.088021 0.05
2 0.294792 0.659259 0.096875 0.059259
2 0.275 0.662037 0.098958 0.062963
2 0.230208 0.668519 0.130208 0.077778
0 0.201302 0.646296 0.009896 0.05
