2 0.947396 0.638889 0.104167 0.116667
2 0.89401 0.618981 0.067187 0.056481
1 0.689323 0.634259 0.017188 0.064815
2 0.690365 0.624537 0.068229 0.04537
2 0.675 0.623611 0.070833 0.047222
2 0.63776 0.617593 0.048438 0.033333
2 0.56276 0.6375 0.069271 0.084259
4 0.514062 0.601389 0.040625 0.084259
2 0.478646 0.624537 0.039583 0.049074
2 0.449479 0.62037 0.028125 0.038889
0 0.403385 0.650463 0.016146 0.097222
2 0.321094 0.644907 0.084896 0.108333
2 0.20651 0.646296 0.106771 0.112963
4 0.063021 0.574537 0.125 0.271296
