2 0.028385 0.65787 0.056771 0.062037
2 0.092969 0.671296 0.077604 0.048148
0 0.202083 0.677778 0.011458 0.05
2 0.279167 0.685648 0.069792 0.050926
1 0.344271 0.689352 0.025 0.049074
2 0.358333 0.690278 0.026042 0.047222
4 0.388802 0.680556 0.035937 0.062963
0 0.388802 0.690278 0.010937 0.062037
2 0.423958 0.697222 0.028125 0.037037
2 0.435156 0.693519 0.020313 0.038889
2 0.44375 0.693519 0.015625 0.02963
4 0.465625 0.69213 0.0125 0.023148
4 0.45 0.687037 0.015625 0.037037
2 0.507552 0.69537 0.013021 0.018519
2 0.497917 0.691204 0.0125 0.017593
1 0.584375 0.702778 0.03125 0.057407
0 0.977604 0.724537 0.013542 0.05463
