1 0.016927 0.699537 0.034896 0.208333
2 0.039583 0.673611 0.077083 0.089815
1 0.098177 0.70463 0.044271 0.131481
1 0.325781 0.673611 0.015104 0.060185
1 0.355208 0.671759 0.009375 0.050926
2 0.36224 0.665741 0.047396 0.031481
2 0.414323 0.669907 0.040104 0.060185
2 0.433073 0.665278 0.025521 0.039815
3 0.475781 0.642593 0.031771 0.077778
2 0.534115 0.671296 0.089063 0.1
2 0.717969 0.72037 0.357812 0.209259
0 0.796875 0.637963 0.022917 0.07037
0 0.824479 0.64537 0.015625 0.081481
1 0.840625 0.662037 0.044792 0.094444
2 0.92474 0.686574 0.149479 0.152778
