0 0.966667 0.635185 0.022917 0.159259
0 0.929167 0.644444 0.019792 0.112963
0 0.865365 0.640741 0.028646 0.116667
0 0.773958 0.626389 0.019792 0.082407
1 0.663281 0.668056 0.057812 0.189815
2 0.644531 0.634722 0.053646 0.086111
1 0.5875 0.629167 0.017708 0.065741
2 0.509115 0.614815 0.017188 0.031481
2 0.496354 0.616204 0.021875 0.037963
2 0.482552 0.618519 0.031771 0.048148
2 0.455729 0.624074 0.039583 0.05
1 0.425781 0.618056 0.011979 0.049074
2 0.384115 0.637037 0.093229 0.107407
2 0.230469 0.645833 0.184896 0.228704
2 0.096094 0.643981 0.175521 0.137963
