2 0.034635 0.651852 0.051562 0.035185
2 0.123437 0.639352 0.044792 0.034259
2 0.183594 0.637963 0.047396 0.02963
2 0.2125 0.636111 0.039583 0.031481
2 0.260937 0.626852 0.047917 0.031481
1 0.275521 0.673611 0.023958 0.049074
1 0.257812 0.674537 0.020833 0.047222
4 0.367448 0.601389 0.080729 0.05463
5 0.311719 0.6375 0.041146 0.05463
2 0.40026 0.684259 0.066146 0.077778
2 0.483854 0.681481 0.066667 0.077778
2 0.501042 0.630556 0.041667 0.046296
2 0.602865 0.618519 0.031771 0.037037
2 0.720833 0.603704 0.0375 0.042593
2 0.745573 0.614815 0.034896 0.038889
2 0.770312 0.620833 0.039583 0.052778
2 0.785937 0.588426 0.021875 0.030556
2 0.810156 0.594444 0.027604 0.031481
2 0.86276 0.624537 0.054688 0.067593
2 0.911458 0.613426 0.053125 0.058333
2 0.941146 0.593056 0.039583 0.04537
2 0.833333 0.584259 0.01875 0.035185
1 0.161458 0.651852 0.021875 0.040741
2 0.871354 0.59537 0.034375 0.038889
2 0.84974 0.582407 0.014063 0.022222
2 0.828385 0.59213 0.018229 0.025
2 0.992969 0.618056 0.014063 0.058333
2 0.659115 0.598611 0.018229 0.019444
2 0.63099 0.600926 0.024479 0.027778
