2 0.711979 0.724537 0.203125 0.202778
2 0.603646 0.667593 0.115625 0.172222
2 0.53776 0.655093 0.041146 0.069444
3 0.53151 0.624537 0.022396 0.052778
2 0.511719 0.644444 0.013021 0.022222
2 0.484115 0.65787 0.042188 0.069444
3 0.482031 0.614815 0.021354 0.048148
3 0.458073 0.626389 0.016146 0.037963
2 0.453646 0.640278 0.013542 0.023148
2 0.433854 0.644444 0.022917 0.044444
2 0.423698 0.653241 0.030729 0.047222
2 0.400521 0.658333 0.036458 0.064815
2 0.371875 0.669907 0.0625 0.100926
2 0.308594 0.6875 0.125521 0.15463
1 0.247917 0.654167 0.011458 0.041667
2 0.101042 0.735648 0.2 0.525
