2 0.823698 0.679167 0.264062 0.293519
0 0.726042 0.614352 0.017708 0.097222
0 0.676302 0.612963 0.018229 0.085185
1 0.575781 0.660648 0.056771 0.202778
1 0.527344 0.621296 0.017188 0.068519
2 0.515365 0.6125 0.025521 0.041667
1 0.492708 0.6125 0.009375 0.037963
1 0.476042 0.608796 0.008333 0.034259
2 0.43125 0.606019 0.0125 0.021296
2 0.411719 0.60787 0.026562 0.04537
2 0.394792 0.610648 0.035417 0.05463
2 0.353646 0.618981 0.064583 0.087963
2 0.313281 0.615741 0.035937 0.046296
0 0.266146 0.597685 0.010417 0.05463
2 0.133073 0.6625 0.230729 0.225
