0 0.008333 0.585185 0.015625 0.068519
0 0.04349 0.611111 0.017188 0.077778
1 0.285938 0.615741 0.010417 0.031481
3 0.332292 0.611574 0.017708 0.036111
4 0.369531 0.606944 0.025521 0.052778
2 0.3625 0.618981 0.020833 0.028704
2 0.385156 0.618056 0.030729 0.034259
2 0.401302 0.615741 0.007812 0.012963
2 0.449479 0.620833 0.045833 0.032407
1 0.454167 0.634722 0.019792 0.071296
2 0.613281 0.617593 0.061979 0.055556
2 0.65 0.617593 0.0625 0.062963
2 0.677865 0.621296 0.072396 0.064815
2 0.721875 0.618056 0.09375 0.080556
2 0.783854 0.618981 0.108333 0.097222
2 0.854427 0.611574 0.129688 0.130556
