0 0.880729 0.671759 0.017708 0.075
1 0.763281 0.682407 0.020313 0.083333
1 0.685417 0.680556 0.0125 0.066667
2 0.619531 0.691204 0.094271 0.123148
2 0.559635 0.686574 0.034896 0.056481
2 0.504948 0.722685 0.127604 0.178704
3 0.388281 0.669907 0.039062 0.080556
2 0.372917 0.691204 0.0375 0.050926
4 0.352604 0.661574 0.058333 0.09537
2 0.323958 0.671296 0.052083 0.090741
2 0.278125 0.697685 0.054167 0.069444
4 0.271615 0.668519 0.077604 0.103704
2 0.180469 0.7125 0.091146 0.099074
4 0.168229 0.6625 0.140625 0.139815
3 0.080469 0.584259 0.159896 0.451852
