2 0.918229 0.656481 0.051042 0.038889
0 0.88776 0.662963 0.011979 0.051852
2 0.815885 0.656944 0.039062 0.036111
1 0.83099 0.661111 0.015104 0.038889
1 0.625521 0.669907 0.019792 0.05463
1 0.610156 0.668981 0.010937 0.052778
1 0.590885 0.668981 0.013021 0.04537
1 0.576562 0.666667 0.0125 0.048148
2 0.521615 0.656944 0.034896 0.037963
2 0.48125 0.64537 0.076042 0.17037
4 0.435937 0.64537 0.030208 0.051852
2 0.391927 0.675926 0.051562 0.081481
2 0.357552 0.685648 0.080729 0.108333
2 0.31224 0.70463 0.113021 0.157407
2 0.150781 0.688426 0.302604 0.458333
3 0.411458 0.641667 0.022917 0.057407
