2 0.023438 0.672222 0.046875 0.059259
3 0.122656 0.623611 0.115104 0.10463
2 0.202604 0.639352 0.0375 0.036111
2 0.399219 0.612037 0.011979 0.018519
3 0.409375 0.60463 0.010417 0.025926
3 0.417969 0.606019 0.013021 0.023148
3 0.43099 0.60463 0.015104 0.022222
3 0.451823 0.600463 0.026562 0.041667
2 0.455208 0.613426 0.01875 0.023148
3 0.486198 0.587037 0.042188 0.103704
2 0.508333 0.630093 0.032292 0.043519
3 0.539844 0.610648 0.042188 0.052778
2 0.545052 0.643981 0.050521 0.067593
2 0.581771 0.62963 0.039583 0.05
3 0.829427 0.65787 0.340104 0.675
