3 0.122917 0.635185 0.059375 0.085185
3 0.176042 0.6375 0.032292 0.039815
3 0.21849 0.61713 0.056771 0.078704
2 0.222656 0.635648 0.044271 0.047222
2 0.325 0.622222 0.011458 0.02037
2 0.395313 0.623148 0.010417 0.018519
2 0.404687 0.618519 0.016667 0.031481
2 0.425521 0.615741 0.016667 0.031481
2 0.428646 0.631019 0.025 0.036111
2 0.453646 0.622222 0.019792 0.024074
3 0.45651 0.603704 0.026562 0.048148
3 0.498437 0.609722 0.055208 0.087963
3 0.553646 0.606019 0.041667 0.087963
3 0.789323 0.500463 0.421354 0.99537
