2 0.02474 0.95 0.049479 0.098148
2 0.378385 0.88287 0.358854 0.234259
2 0.021875 0.662037 0.04375 0.057407
2 0.150521 0.6625 0.123958 0.065741
2 0.235156 0.636574 0.020313 0.030556
2 0.273958 0.642593 0.05 0.035185
2 0.322396 0.637963 0.066667 0.046296
2 0.37526 0.632407 0.088021 0.064815
2 0.414583 0.647222 0.116667 0.066667
2 0.572396 0.618519 0.076042 0.048148
3 0.649479 0.587963 0.102083 0.096296
2 0.666146 0.613889 0.080208 0.05
2 0.795312 0.601852 0.055208 0.040741
2 0.839844 0.59537 0.078646 0.055556
2 0.889583 0.60463 0.098958 0.057407
2 0.972396 0.606019 0.054167 0.080556
2 0.947396 0.598148 0.058333 0.061111
