2 0.128906 0.637037 0.043229 0.02963
2 0.163802 0.631481 0.052604 0.031481
3 0.235156 0.615741 0.036979 0.02963
0 0.263802 0.642593 0.009896 0.072222
2 0.30651 0.64537 0.047396 0.053704
0 0.33724 0.635648 0.016146 0.076852
4 0.341146 0.613426 0.073958 0.09537
2 0.379688 0.638426 0.041667 0.052778
2 0.399479 0.628241 0.036458 0.05463
2 0.417448 0.631481 0.025521 0.037037
2 0.430208 0.621759 0.023958 0.041667
2 0.468229 0.614815 0.014583 0.027778
0 0.495312 0.63287 0.0125 0.069444
3 0.525 0.606481 0.020833 0.027778
1 0.58099 0.637963 0.066146 0.131481
2 0.690104 0.636111 0.177083 0.103704
2 0.440885 0.624074 0.020313 0.027778
2 0.489844 0.615741 0.015104 0.016667
3 0.108333 0.63287 0.046875 0.036111
