2 0.067708 0.777315 0.134375 0.443519
4 0.1125 0.583333 0.2 0.212963
2 0.253385 0.639815 0.074479 0.07963
2 0.327865 0.648611 0.071354 0.097222
2 0.374479 0.637037 0.038542 0.059259
2 0.389844 0.631019 0.028646 0.052778
2 0.408333 0.63287 0.028125 0.032407
2 0.424479 0.627315 0.017708 0.028704
3 0.404948 0.613426 0.020313 0.049074
2 0.459635 0.63287 0.046354 0.04537
1 0.505469 0.635648 0.008854 0.039815
1 0.526563 0.653241 0.016667 0.065741
1 0.55599 0.653241 0.022396 0.065741
1 0.604427 0.668519 0.033854 0.101852
5 0.486719 0.637963 0.017188 0.048148
1 0.911719 0.762037 0.115104 0.312963
0 0.60599 0.660648 0.024479 0.080556
0 0.920573 0.719444 0.086979 0.22963
