2 0.153125 0.768519 0.176042 0.188889
2 0.829167 0.866667 0.341667 0.266667
1 0.934375 0.636574 0.032292 0.050926
1 0.886719 0.606944 0.011979 0.023148
2 0.711458 0.637963 0.084375 0.07037
2 0.632552 0.663889 0.085938 0.101852
2 0.553125 0.6875 0.08125 0.10463
2 0.51224 0.662037 0.047396 0.064815
3 0.483333 0.613889 0.04375 0.112963
2 0.43099 0.649537 0.028646 0.037963
2 0.344271 0.664352 0.044792 0.05463
2 0.440885 0.615741 0.013021 0.02037
0 0.853385 0.605556 0.006771 0.027778
2 0.411198 0.611111 0.009896 0.012963
