1 0.785937 0.664352 0.038542 0.112037
1 0.721615 0.654167 0.029687 0.086111
0 0.699219 0.64537 0.014063 0.074074
0 0.682552 0.643056 0.011979 0.067593
0 0.621354 0.635648 0.013542 0.071296
1 0.621094 0.633796 0.027604 0.056481
2 0.683854 0.641204 0.057292 0.047222
2 0.563281 0.644444 0.059896 0.090741
2 0.49401 0.662037 0.102604 0.164815
2 0.448958 0.634259 0.05625 0.081481
2 0.416406 0.615278 0.018229 0.028704
2 0.380729 0.608333 0.030208 0.048148
2 0.401823 0.610648 0.022396 0.034259
2 0.251302 0.606019 0.009896 0.058333
1 0.225 0.604167 0.01875 0.050926
0 0.020052 0.591667 0.014063 0.068519
