0 0.041667 0.573148 0.022917 0.098148
1 0.122656 0.61713 0.051562 0.169444
1 0.156771 0.60463 0.030208 0.122222
2 0.165625 0.578704 0.066667 0.044444
0 0.223437 0.57963 0.009375 0.05
1 0.323698 0.593056 0.008854 0.04537
2 0.350781 0.6 0.038021 0.048148
4 0.380208 0.580093 0.013542 0.032407
2 0.404167 0.590278 0.014583 0.023148
2 0.39349 0.590278 0.013021 0.019444
1 0.497135 0.651852 0.046354 0.181481
1 0.488542 0.631944 0.048958 0.15463
3 0.483333 0.584259 0.053125 0.107407
2 0.829688 0.746296 0.341667 0.324074
3 0.677344 0.561574 0.230729 0.397222
0 0.529687 0.61713 0.011458 0.065741
