0 0.601823 0.602315 0.011979 0.063889
0 0.591667 0.603241 0.009375 0.058333
1 0.54375 0.613889 0.014583 0.046296
1 0.539844 0.616204 0.015104 0.058333
1 0.510156 0.614815 0.007812 0.02963
4 0.479687 0.602315 0.020833 0.043519
2 0.445833 0.609722 0.014583 0.023148
2 0.430208 0.60787 0.008333 0.013889
2 0.419792 0.608333 0.014583 0.022222
2 0.40625 0.606481 0.008333 0.016667
2 0.397396 0.610185 0.009375 0.014815
2 0.389844 0.608333 0.008854 0.016667
3 0.373698 0.606944 0.019271 0.034259
4 0.263281 0.570833 0.131771 0.237963
2 0.189062 0.640278 0.163542 0.19537
2 0.092708 0.630556 0.085417 0.053704
0 0.050781 0.618981 0.008854 0.039815
