2 0.514062 0.731481 0.201042 0.290741
2 0.007812 0.630093 0.014583 0.065741
2 0.032292 0.638426 0.033333 0.049074
2 0.08151 0.634722 0.040104 0.056481
2 0.126302 0.635648 0.038021 0.052778
0 0.160677 0.635185 0.008854 0.044444
2 0.158333 0.637037 0.0375 0.037037
0 0.31901 0.648148 0.008854 0.051852
0 0.648958 0.658796 0.020833 0.097222
1 0.945052 0.672222 0.021354 0.081481
2 0.984115 0.665278 0.031771 0.069444
0 0.695052 0.655093 0.010937 0.047222
0 0.708073 0.65 0.010937 0.05
2 0.105469 0.636574 0.039062 0.037963
