3 0.329427 0.631019 0.111979 0.25463
2 0.390365 0.684259 0.013021 0.02037
2 0.398958 0.681019 0.009375 0.015741
2 0.416406 0.675463 0.026562 0.060185
3 0.435156 0.665278 0.029687 0.067593
2 0.428646 0.686574 0.020833 0.034259
3 0.461458 0.667593 0.026042 0.072222
2 0.450781 0.689352 0.019271 0.039815
2 0.459115 0.694444 0.025521 0.038889
4 0.5375 0.685185 0.05 0.038889
1 0.572135 0.709259 0.016146 0.059259
1 0.518229 0.693981 0.008333 0.032407
2 0.875 0.701852 0.025 0.046296
2 0.928646 0.706019 0.038542 0.052778
