2 0.063802 0.621759 0.113021 0.112037
2 0.249479 0.613426 0.045833 0.052778
1 0.257292 0.622222 0.025 0.090741
1 0.303385 0.6125 0.008854 0.037963
4 0.390625 0.60463 0.014583 0.035185
2 0.38099 0.613426 0.011979 0.019444
2 0.388281 0.614352 0.013021 0.021296
2 0.413542 0.61713 0.017708 0.021296
1 0.423958 0.618519 0.008333 0.024074
1 0.454427 0.621296 0.006771 0.031481
2 0.450521 0.619444 0.027083 0.022222
1 0.502083 0.637963 0.019792 0.074074
2 0.86875 0.72963 0.261458 0.327778
0 0.776302 0.625463 0.007812 0.058333
2 0.688542 0.630093 0.070833 0.05463
2 0.61849 0.619907 0.061979 0.056481
2 0.583594 0.621759 0.047396 0.04537
2 0.560156 0.619444 0.039062 0.037037
2 0.546615 0.617593 0.033854 0.031481
