2 0.083333 0.638426 0.163542 0.160185
1 0.191406 0.618519 0.028646 0.075926
2 0.200521 0.61713 0.084375 0.052778
0 0.261979 0.620833 0.022917 0.060185
1 0.273177 0.624537 0.023438 0.05463
1 0.308594 0.624537 0.013021 0.047222
2 0.363021 0.631019 0.057292 0.093519
2 0.4125 0.628241 0.033333 0.036111
2 0.427083 0.62963 0.030208 0.046296
2 0.482292 0.661111 0.089583 0.127778
2 0.521615 0.629167 0.022396 0.032407
2 0.539323 0.629167 0.019271 0.021296
2 0.56276 0.631019 0.020313 0.026852
1 0.58724 0.636574 0.011979 0.039815
0 0.747656 0.647222 0.014063 0.068519
0 0.759635 0.646759 0.017188 0.069444
0 0.782292 0.64213 0.013542 0.060185
0 0.79375 0.639815 0.013542 0.059259
0 0.908073 0.65463 0.016146 0.072222
1 0.984115 0.665741 0.031771 0.057407
