0 0.022656 0.655556 0.017188 0.07037
0 0.061979 0.666204 0.030208 0.113889
1 0.090365 0.654167 0.018229 0.056481
5 0.113021 0.649537 0.025 0.039815
1 0.174479 0.646759 0.011458 0.050926
1 0.161198 0.64537 0.013021 0.048148
1 0.211198 0.646759 0.015104 0.037963
1 0.252344 0.644444 0.010937 0.042593
1 0.283854 0.640741 0.019792 0.044444
1 0.345313 0.640741 0.009375 0.035185
2 0.433594 0.631481 0.022396 0.042593
2 0.409115 0.637037 0.017188 0.027778
2 0.396615 0.639352 0.022396 0.032407
4 0.419792 0.62037 0.032292 0.055556
2 0.514583 0.724074 0.225 0.285185
4 0.645833 0.604167 0.1375 0.217593
1 0.713542 0.636574 0.013542 0.047222
1 0.744792 0.637963 0.011458 0.042593
2 0.861979 0.719907 0.275 0.267593
