0 0.890885 0.637037 0.042188 0.153704
0 0.746875 0.633333 0.023958 0.103704
0 0.648438 0.628241 0.015625 0.065741
0 0.572656 0.631481 0.011979 0.059259
1 0.065104 0.62963 0.025 0.062963
1 0.092969 0.629167 0.020313 0.050926
1 0.113021 0.624074 0.01875 0.053704
2 0.359115 0.631019 0.044271 0.056481
2 0.382031 0.622222 0.027604 0.044444
2 0.42474 0.616204 0.018229 0.030556
2 0.404167 0.615278 0.014583 0.021296
2 0.407552 0.612963 0.014063 0.022222
2 0.31849 0.616204 0.017188 0.021296
3 0.301302 0.613426 0.014063 0.019444
