1 0.009375 0.611574 0.01875 0.097222
0 0.107292 0.60787 0.01875 0.093519
1 0.126042 0.633796 0.05625 0.130556
1 0.138802 0.648611 0.050521 0.186111
1 0.161458 0.637037 0.051042 0.122222
1 0.361198 0.679167 0.073438 0.186111
0 0.528646 0.644907 0.017708 0.099074
0 0.55625 0.65 0.016667 0.098148
0 0.604427 0.650463 0.011979 0.071296
2 0.694531 0.684722 0.178646 0.125
0 0.792708 0.657407 0.014583 0.088889
0 0.859635 0.656944 0.014063 0.080556
2 0.877083 0.661574 0.045833 0.062037
2 0.925 0.657407 0.059375 0.055556
2 0.960417 0.68287 0.078125 0.086111
