0 0.98099 0.660185 0.032813 0.166667
0 0.745052 0.650926 0.018229 0.092593
1 0.523698 0.665741 0.020313 0.055556
1 0.501563 0.667593 0.008333 0.038889
2 0.464062 0.686111 0.069792 0.101852
2 0.379948 0.667593 0.021354 0.038889
2 0.357552 0.673148 0.025521 0.044444
2 0.342187 0.671296 0.035417 0.053704
2 0.315625 0.676389 0.04375 0.058333
2 0.290104 0.679167 0.048958 0.071296
2 0.260937 0.67963 0.069792 0.088889
2 0.207292 0.687037 0.084375 0.101852
2 0.146615 0.69213 0.120313 0.141667
2 0.063281 0.724074 0.123437 0.364815
