2 0.07474 0.696296 0.149479 0.15
2 0.175521 0.680556 0.105208 0.114815
2 0.240104 0.658333 0.089583 0.111111
2 0.348698 0.658796 0.039062 0.04537
2 0.366927 0.652315 0.028646 0.050926
2 0.38125 0.656481 0.020833 0.037037
2 0.414583 0.649074 0.01875 0.031481
2 0.438281 0.648148 0.014063 0.02037
2 0.455208 0.65 0.014583 0.018519
1 0.525521 0.663426 0.015625 0.062037
2 0.557292 0.656944 0.028125 0.039815
2 0.599479 0.672685 0.053125 0.069444
2 0.665885 0.66713 0.073438 0.117593
2 0.704167 0.698148 0.084375 0.118519
2 0.79349 0.719907 0.149479 0.171296
2 0.920052 0.756481 0.160938 0.312963
