2 0.054948 0.690741 0.109896 0.166667
2 0.136198 0.695833 0.090104 0.102778
2 0.280729 0.676852 0.032292 0.044444
2 0.609896 0.674537 0.036458 0.049074
2 0.582031 0.675 0.030729 0.038889
1 0.546875 0.681944 0.013542 0.04537
1 0.532031 0.678241 0.010937 0.043519
2 0.409635 0.688426 0.044271 0.058333
2 0.441667 0.678241 0.022917 0.030556
2 0.39375 0.678241 0.023958 0.041667
2 0.335677 0.675926 0.018229 0.025926
2 0.35651 0.674537 0.017188 0.026852
4 0.366927 0.665741 0.021354 0.040741
4 0.388802 0.664352 0.011979 0.030556
