2 0.115625 0.764352 0.23125 0.25463
1 0.846875 0.614815 0.028125 0.077778
1 0.808594 0.618056 0.025521 0.078704
1 0.767448 0.600926 0.017188 0.059259
2 0.5375 0.601852 0.039583 0.05
2 0.378385 0.588426 0.025521 0.034259
2 0.422656 0.587963 0.022396 0.031481
2 0.469792 0.578704 0.016667 0.027778
4 0.52474 0.565741 0.017188 0.038889
3 0.497656 0.562963 0.017188 0.042593
1 0.663802 0.590278 0.014063 0.041667
2 0.351302 0.587963 0.020313 0.02963
3 0.441927 0.558796 0.010937 0.028704
1 0.649219 0.591204 0.014063 0.039815
1 0.733073 0.596296 0.018229 0.053704
2 0.486198 0.569907 0.009896 0.012037
3 0.479687 0.55787 0.01875 0.030556
