2 0.119792 0.662963 0.1875 0.172222
2 0.299219 0.618981 0.031771 0.028704
2 0.310677 0.61713 0.028646 0.030556
2 0.367188 0.638889 0.047917 0.081481
2 0.417448 0.656019 0.118229 0.189815
3 0.426042 0.582407 0.065625 0.138889
3 0.494271 0.608796 0.039583 0.071296
1 0.55599 0.639352 0.013021 0.043519
1 0.560417 0.636574 0.010417 0.043519
2 0.624479 0.629167 0.058333 0.049074
2 0.599479 0.626852 0.032292 0.031481
2 0.586979 0.625926 0.030208 0.027778
1 0.546094 0.623148 0.007812 0.02963
2 0.51875 0.621296 0.017708 0.02037
