0 0.908594 0.694907 0.016146 0.071296
0 0.897135 0.689352 0.014063 0.067593
0 0.835417 0.686574 0.015625 0.069444
0 0.814323 0.689815 0.015104 0.072222
0 0.786458 0.690741 0.014583 0.066667
1 0.732031 0.698611 0.039062 0.063889
1 0.40625 0.672685 0.032292 0.05463
0 0.2 0.65463 0.010417 0.053704
0 0.188802 0.653704 0.011979 0.055556
0 0.152604 0.649537 0.013542 0.071296
0 0.095573 0.650463 0.011979 0.062037
0 0.075 0.646296 0.013542 0.059259
0 0.022396 0.641204 0.011458 0.060185
2 0.04375 0.645833 0.085417 0.050926
1 0.016146 0.672685 0.030208 0.080556
