2 0.152344 0.675 0.039062 0.040741
2 0.170573 0.675 0.042188 0.040741
0 0.177083 0.674537 0.010417 0.043519
2 0.194792 0.672685 0.030208 0.037963
2 0.227344 0.675926 0.018229 0.025926
2 0.255208 0.688889 0.035417 0.044444
2 0.303125 0.680556 0.01875 0.025926
2 0.280729 0.674074 0.022917 0.025926
2 0.339583 0.677778 0.015625 0.018519
2 0.354427 0.673148 0.019271 0.025926
5 0.314323 0.680556 0.014063 0.033333
2 0.399479 0.675926 0.019792 0.027778
1 0.70599 0.706019 0.040104 0.136111
2 0.816406 0.68287 0.106771 0.106481
2 0.90651 0.685185 0.095312 0.088889
2 0.969271 0.680556 0.061458 0.087037
