2 0.088021 0.65 0.123958 0.138889
1 0.189062 0.642593 0.027083 0.103704
2 0.338802 0.696759 0.243229 0.156481
1 0.515885 0.715278 0.080729 0.219444
1 0.551562 0.670833 0.05 0.102778
0 0.597656 0.669444 0.026562 0.135185
0 0.625781 0.689352 0.025521 0.126852
1 0.698958 0.704167 0.096875 0.137963
0 0.790365 0.7 0.019271 0.144444
1 0.833594 0.705093 0.074479 0.139815
0 0.865885 0.697685 0.021354 0.15463
2 0.883854 0.734722 0.232292 0.180556
0 0.667448 0.684722 0.022396 0.115741
0 0.718229 0.678704 0.020833 0.103704
