0 0.070573 0.631481 0.021354 0.07963
1 0.153646 0.698611 0.041667 0.141667
2 0.296354 0.649537 0.0625 0.073148
2 0.349219 0.62963 0.040104 0.05
2 0.353385 0.595833 0.015104 0.026852
2 0.385937 0.642593 0.067708 0.088889
2 0.430729 0.609722 0.025 0.034259
2 0.429167 0.637037 0.0375 0.061111
2 0.471615 0.621296 0.027604 0.038889
2 0.497656 0.613426 0.022396 0.043519
0 0.499479 0.622222 0.011458 0.048148
2 0.851042 0.652315 0.163542 0.110185
2 0.822656 0.644907 0.148438 0.102778
2 0.795573 0.631019 0.127604 0.099074
2 0.744271 0.636111 0.10625 0.07037
2 0.719531 0.626389 0.090104 0.056481
