1 0.501042 0.608333 0.014583 0.044444
2 0.442448 0.606944 0.040104 0.062037
3 0.359375 0.578241 0.019792 0.043519
2 0.343229 0.585648 0.019792 0.032407
3 0.333073 0.570833 0.020313 0.036111
2 0.317708 0.581481 0.014583 0.02037
2 0.309635 0.574074 0.011979 0.018519
2 0.298698 0.572222 0.015104 0.022222
2 0.290365 0.568056 0.014063 0.019444
3 0.278125 0.562963 0.020833 0.024074
2 0.260417 0.568981 0.009375 0.013889
3 0.252865 0.559722 0.011979 0.026852
2 0.209635 0.558333 0.015104 0.011111
2 0.242448 0.565278 0.008854 0.013889
4 0.23724 0.560648 0.013021 0.021296
0 0.979948 0.694444 0.035937 0.175926
