4 0.963021 0.663426 0.072917 0.163889
2 0.74375 0.6875 0.179167 0.147222
0 0.636719 0.660185 0.007812 0.040741
1 0.623698 0.658796 0.010937 0.041667
0 0.615885 0.655093 0.006771 0.034259
1 0.457031 0.654167 0.013021 0.047222
3 0.420312 0.62963 0.023958 0.057407
2 0.408854 0.647222 0.021875 0.037037
1 0.404687 0.65 0.011458 0.042593
2 0.385677 0.653241 0.034896 0.04537
2 0.354948 0.646296 0.023438 0.042593
2 0.336979 0.650926 0.036458 0.042593
0 0.31224 0.649537 0.008854 0.058333
2 0.301563 0.644907 0.029167 0.04537
2 0.280729 0.653241 0.040625 0.043519
2 0.220573 0.651852 0.046354 0.044444
2 0.067187 0.68287 0.133333 0.169444
