1 0.070573 0.661574 0.022396 0.076852
2 0.089844 0.638889 0.026562 0.037037
2 0.152344 0.647222 0.030729 0.02963
2 0.349479 0.672222 0.085417 0.111111
2 0.429688 0.658333 0.030208 0.044444
2 0.451823 0.646759 0.017188 0.025
3 0.477604 0.638889 0.014583 0.033333
2 0.506771 0.684259 0.073958 0.107407
2 0.464583 0.644444 0.011458 0.02037
2 0.557552 0.662963 0.035937 0.059259
2 0.584115 0.659259 0.019271 0.02963
0 0.604427 0.653241 0.005729 0.030556
5 0.670052 0.657407 0.014063 0.042593
1 0.700781 0.662963 0.011979 0.05
1 0.759635 0.668056 0.019271 0.075
1 0.823177 0.675 0.040104 0.094444
1 0.867448 0.67963 0.031771 0.109259
1 0.976823 0.685648 0.034896 0.093519
2 0.622656 0.646759 0.022396 0.021296
