2 0.130469 0.6875 0.040104 0.060185
2 0.189583 0.690278 0.046875 0.058333
1 0.311979 0.696759 0.01875 0.063889
2 0.292969 0.698148 0.052604 0.059259
1 0.421615 0.680556 0.010937 0.038889
2 0.460938 0.674074 0.028125 0.018519
2 0.49401 0.676389 0.024479 0.026852
1 0.521094 0.678704 0.010937 0.033333
2 0.548958 0.673611 0.021875 0.026852
2 0.582812 0.674537 0.030208 0.04537
1 0.609896 0.671296 0.005208 0.022222
2 0.877083 0.724537 0.21875 0.186111
2 0.725 0.660648 0.073958 0.060185
2 0.691406 0.669444 0.059896 0.042593
2 0.786979 0.661574 0.073958 0.063889
