2 0.065625 0.616667 0.130208 0.314815
3 0.06224 0.544444 0.124479 0.32037
2 0.17474 0.605093 0.092188 0.093519
2 0.291927 0.630093 0.116146 0.137963
4 0.289323 0.578241 0.086979 0.137963
2 0.352865 0.589815 0.023438 0.040741
2 0.338021 0.593519 0.022917 0.037037
2 0.382812 0.611111 0.058333 0.075926
2 0.413281 0.604167 0.026562 0.043519
2 0.423958 0.597685 0.025 0.041667
0 0.465104 0.599537 0.009375 0.030556
2 0.470573 0.596759 0.030729 0.021296
1 0.551302 0.608796 0.015104 0.049074
1 0.647135 0.623148 0.023438 0.098148
0 0.703125 0.599074 0.0125 0.057407
0 0.690885 0.602315 0.010937 0.058333
0 0.671615 0.602315 0.013021 0.050926
0 0.661719 0.603241 0.008854 0.05463
0 0.788542 0.608333 0.013542 0.072222
0 0.830469 0.60463 0.017188 0.094444
