2 0.06901 0.69537 0.136979 0.233333
2 0.14349 0.739352 0.229687 0.221296
2 0.285417 0.697685 0.111458 0.143519
2 0.331771 0.688889 0.077083 0.101852
3 0.366406 0.656481 0.065104 0.125926
4 0.417187 0.650926 0.029167 0.055556
2 0.45599 0.7 0.101562 0.148148
2 0.510156 0.659259 0.043229 0.037037
0 0.589323 0.653241 0.008854 0.036111
1 0.548177 0.660648 0.022396 0.041667
1 0.67474 0.655556 0.025521 0.051852
1 0.667448 0.665741 0.046354 0.075926
1 0.713802 0.665741 0.050521 0.07963
2 0.751563 0.652315 0.06875 0.060185
0 0.852083 0.655093 0.020833 0.141667
1 0.788281 0.65 0.033854 0.066667
0 0.809635 0.6375 0.013021 0.062037
