4 0.033333 0.551852 0.066667 0.322222
2 0.215625 0.631944 0.075 0.078704
2 0.263021 0.62037 0.039583 0.051852
2 0.308594 0.631944 0.054688 0.075
2 0.349219 0.623611 0.033854 0.058333
2 0.375521 0.619907 0.028125 0.039815
3 0.385417 0.594444 0.033333 0.068519
2 0.429948 0.618056 0.013021 0.019444
2 0.403906 0.611111 0.011979 0.024074
2 0.424479 0.610648 0.0125 0.015741
4 0.438281 0.609259 0.014063 0.02963
2 0.528125 0.641204 0.070833 0.097222
3 0.505469 0.589352 0.051562 0.115741
1 0.701302 0.655093 0.019271 0.075
