2 0.186979 0.692593 0.098958 0.105556
2 0.248958 0.680556 0.065625 0.092593
2 0.300781 0.682407 0.059896 0.068519
0 0.329167 0.681019 0.014583 0.071296
1 0.419792 0.677778 0.015625 0.051852
2 0.478385 0.68287 0.061979 0.102778
2 0.459635 0.680556 0.036979 0.059259
1 0.525781 0.681944 0.015104 0.075
2 0.580729 0.693056 0.053125 0.063889
2 0.565885 0.689815 0.038021 0.051852
2 0.876823 0.773611 0.243229 0.243519
2 0.724219 0.734722 0.129688 0.147222
2 0.657813 0.716667 0.083333 0.105556
2 0.55026 0.67963 0.025521 0.037037
