0 0.908073 0.646759 0.016146 0.073148
2 0.785937 0.6625 0.06875 0.04537
2 0.729427 0.659259 0.026562 0.037037
2 0.670052 0.661574 0.024479 0.034259
2 0.641406 0.6625 0.021354 0.030556
1 0.5375 0.675463 0.007292 0.034259
2 0.503646 0.678241 0.021875 0.021296
2 0.45 0.695833 0.073958 0.112037
2 0.404687 0.678704 0.013542 0.024074
2 0.398438 0.680093 0.017708 0.026852
2 0.385417 0.678704 0.021875 0.033333
2 0.372917 0.677315 0.025 0.037963
1 0.253906 0.673611 0.015104 0.058333
1 0.156771 0.676852 0.01875 0.068519
1 0.039583 0.677778 0.020833 0.044444
