2 0.188021 0.647685 0.157292 0.152778
0 0.284115 0.616667 0.009896 0.037037
1 0.313802 0.615278 0.011979 0.028704
1 0.347917 0.608796 0.009375 0.028704
1 0.402865 0.621296 0.021354 0.046296
2 0.580469 0.608796 0.013021 0.013889
3 0.573958 0.597685 0.0125 0.028704
2 0.558333 0.60787 0.0125 0.017593
4 0.552865 0.598148 0.011979 0.027778
3 0.545833 0.597222 0.010417 0.018519
2 0.532292 0.606019 0.008333 0.012037
2 0.516406 0.602778 0.021354 0.014815
2 0.486979 0.602315 0.020833 0.013889
3 0.628125 0.574074 0.070833 0.168519
2 0.932552 0.6125 0.083854 0.056481
2 0.788281 0.612037 0.048438 0.033333
