0 0.076302 0.660648 0.019271 0.075
1 0.182812 0.653704 0.021875 0.066667
2 0.248698 0.666204 0.130729 0.147222
2 0.403906 0.649074 0.039062 0.05
1 0.338021 0.648611 0.010417 0.037963
2 0.472917 0.668056 0.075 0.110185
2 0.503646 0.643519 0.016667 0.027778
2 0.533594 0.649074 0.027604 0.044444
2 0.519271 0.640278 0.009375 0.015741
2 0.581771 0.659259 0.067708 0.098148
1 0.639062 0.662037 0.013542 0.061111
1 0.709635 0.677315 0.024479 0.100926
1 0.76875 0.681019 0.034375 0.112037
1 0.858854 0.706944 0.052083 0.152778
