0 0.159896 0.644907 0.05625 0.226852
0 0.15599 0.643056 0.057812 0.206481
2 0.104688 0.636111 0.207292 0.185185
2 0.267708 0.622222 0.253125 0.225926
2 0.452344 0.638426 0.196354 0.19537
1 0.673177 0.752315 0.168229 0.297222
2 0.586979 0.662037 0.189583 0.142593
0 0.594271 0.661574 0.023958 0.175
1 0.725521 0.679167 0.1 0.187963
2 0.701823 0.646296 0.190104 0.17037
2 0.802083 0.669907 0.141667 0.112037
0 0.781771 0.63287 0.015625 0.097222
2 0.904948 0.659259 0.167187 0.125926
2 0.95625 0.672222 0.0875 0.094444
