4 0.058333 0.583333 0.116667 0.22963
0 0.190885 0.640741 0.004687 0.033333
0 0.194531 0.64213 0.007812 0.037963
2 0.254948 0.649537 0.036979 0.037963
2 0.350521 0.650463 0.029167 0.037963
2 0.398958 0.639815 0.014583 0.02037
2 0.415365 0.639815 0.007812 0.012963
3 0.421094 0.634259 0.010937 0.022222
2 0.448958 0.64537 0.016667 0.018519
3 0.478385 0.631019 0.032813 0.082407
2 0.493229 0.64537 0.010417 0.018519
2 0.503385 0.650463 0.018229 0.025
4 0.522396 0.636574 0.026042 0.052778
2 0.541927 0.65463 0.040104 0.077778
2 0.590625 0.672222 0.076042 0.107407
0 0.666406 0.651852 0.011979 0.048148
1 0.717969 0.67037 0.023438 0.072222
1 0.854687 0.694907 0.034375 0.108333
2 0.814844 0.638889 0.048438 0.05
