2 0.085156 0.674074 0.089063 0.155556
2 0.121354 0.670833 0.045833 0.084259
3 0.129688 0.63287 0.05625 0.117593
0 0.298958 0.62037 0.00625 0.040741
1 0.307292 0.62037 0.010417 0.038889
0 0.410156 0.641667 0.007812 0.042593
2 0.419531 0.633796 0.055729 0.049074
2 0.507031 0.650926 0.086979 0.066667
2 0.56224 0.656481 0.095312 0.072222
3 0.617708 0.656019 0.105208 0.071296
2 0.652083 0.676852 0.157292 0.109259
2 0.730729 0.693519 0.126042 0.125926
0 0.750521 0.689815 0.033333 0.116667
2 0.840625 0.675 0.213542 0.166667
