2 0.936198 0.703704 0.127604 0.212963
2 0.865885 0.736111 0.249479 0.257407
2 0.728646 0.644907 0.038542 0.025
2 0.644271 0.6875 0.06875 0.084259
2 0.607552 0.658333 0.047396 0.096296
2 0.583073 0.668981 0.025521 0.037963
2 0.516146 0.662037 0.009375 0.012963
2 0.499479 0.668056 0.025 0.036111
1 0.484115 0.663889 0.009896 0.031481
4 0.477604 0.650926 0.038542 0.038889
2 0.392969 0.678241 0.035937 0.04537
2 0.36901 0.668519 0.028646 0.037037
1 0.301302 0.675926 0.010937 0.035185
2 0.763281 0.645833 0.032813 0.019444
