2 0.316406 0.633796 0.060937 0.036111
2 0.38125 0.637963 0.036458 0.053704
3 0.427604 0.606481 0.01875 0.048148
2 0.46224 0.65463 0.053646 0.083333
2 0.509115 0.628704 0.041146 0.033333
2 0.555469 0.656944 0.050521 0.071296
2 0.601823 0.671759 0.077604 0.113889
2 0.666406 0.707407 0.121354 0.15
2 0.811979 0.794907 0.259375 0.256481
2 0.785937 0.684722 0.127083 0.112037
2 0.926302 0.765741 0.146354 0.222222
2 0.689323 0.6625 0.075521 0.084259
2 0.73724 0.618981 0.050521 0.032407
2 0.8375 0.615741 0.045833 0.027778
