2 0.144792 0.671759 0.177083 0.15463
3 0.223958 0.589352 0.145833 0.187963
2 0.333594 0.648148 0.065104 0.07037
2 0.358073 0.630556 0.035937 0.051852
4 0.3875 0.615278 0.051042 0.073148
2 0.41901 0.634722 0.026562 0.039815
2 0.439062 0.629167 0.025 0.034259
2 0.464583 0.628241 0.019792 0.023148
4 0.439844 0.615278 0.031771 0.049074
2 0.523438 0.646296 0.048958 0.072222
2 0.620833 0.647222 0.0625 0.072222
3 0.839844 0.549537 0.320312 0.526852
2 0.47474 0.625463 0.014063 0.023148
2 0.48151 0.624537 0.014063 0.017593
2 0.55599 0.623148 0.008854 0.016667
2 0.45 0.628704 0.016667 0.027778
