2 0.091667 0.636574 0.1 0.091667
2 0.177083 0.634259 0.113542 0.124074
2 0.238021 0.636574 0.066667 0.087963
3 0.268229 0.576389 0.098958 0.175
2 0.315625 0.624537 0.032292 0.052778
2 0.327604 0.624537 0.028125 0.04537
3 0.360156 0.614352 0.022396 0.037963
2 0.398958 0.618056 0.0125 0.021296
4 0.414583 0.611111 0.0125 0.025926
2 0.383854 0.615741 0.010417 0.014815
3 0.483594 0.585185 0.053646 0.151852
2 0.521875 0.64537 0.069792 0.098148
2 0.639844 0.681019 0.176563 0.217593
0 0.77474 0.655093 0.016146 0.080556
0 0.802865 0.655093 0.018229 0.091667
