2 0.235417 0.681481 0.082292 0.053704
2 0.338802 0.693056 0.042188 0.041667
2 0.361979 0.69213 0.025 0.041667
2 0.376563 0.690278 0.019792 0.036111
4 0.395052 0.683333 0.033854 0.061111
2 0.423698 0.696296 0.027604 0.044444
2 0.435417 0.693056 0.020833 0.037963
2 0.44349 0.693056 0.016146 0.032407
2 0.464583 0.691204 0.011458 0.025
4 0.450521 0.687037 0.015625 0.037037
2 0.497656 0.696296 0.015104 0.022222
2 0.516146 0.696296 0.014583 0.022222
0 0.522135 0.701389 0.013021 0.04537
0 0.532031 0.701852 0.013021 0.046296
0 0.638802 0.707407 0.008854 0.048148
1 0.8875 0.718519 0.038542 0.072222
2 0.953125 0.725463 0.092708 0.071296
