2 0.028906 0.621759 0.056771 0.041667
0 0.085677 0.626852 0.016146 0.075926
0 0.100521 0.634259 0.015625 0.074074
0 0.11276 0.628704 0.010937 0.055556
0 0.128385 0.624074 0.009896 0.046296
0 0.146354 0.625926 0.007292 0.037037
0 0.173958 0.625463 0.008333 0.041667
2 0.227604 0.630093 0.067708 0.065741
2 0.340365 0.633796 0.060937 0.036111
2 0.482292 0.638426 0.019792 0.030556
2 0.534896 0.691667 0.121875 0.17963
2 0.624479 0.652778 0.080208 0.122222
2 0.669531 0.683796 0.110937 0.136111
1 0.794531 0.659722 0.014063 0.067593
1 0.825 0.661574 0.027083 0.071296
1 0.855469 0.6625 0.025521 0.058333
1 0.901562 0.661111 0.022917 0.059259
2 0.775781 0.652315 0.071354 0.050926
0 0.973958 0.663889 0.016667 0.07963
2 0.877344 0.657407 0.088021 0.044444
0 0.425 0.6375 0.007292 0.026852
