2 0.079167 0.675926 0.090625 0.116667
1 0.225521 0.673148 0.015625 0.048148
1 0.214844 0.675926 0.014063 0.040741
1 0.189062 0.672685 0.016667 0.047222
1 0.179167 0.670833 0.014583 0.049074
1 0.155208 0.671296 0.015625 0.05
1 0.140365 0.668056 0.021354 0.060185
1 0.244271 0.676852 0.010417 0.038889
2 0.266667 0.672685 0.039583 0.052778
2 0.315885 0.675926 0.032813 0.035185
2 0.341667 0.670833 0.034375 0.05463
2 0.357812 0.669907 0.026042 0.047222
2 0.379167 0.677315 0.034375 0.049074
3 0.395313 0.679167 0.022917 0.036111
2 0.407292 0.678704 0.017708 0.02963
3 0.40651 0.668056 0.018229 0.041667
4 0.425521 0.667593 0.014583 0.035185
2 0.429427 0.684722 0.029687 0.043519
3 0.44349 0.67037 0.022396 0.053704
2 0.45625 0.675926 0.0125 0.018519
2 0.476302 0.686574 0.023438 0.037963
1 0.498437 0.680556 0.005208 0.022222
1 0.525781 0.695833 0.007812 0.034259
1 0.569271 0.696759 0.020833 0.039815
1 0.61224 0.699537 0.029687 0.087963
