1 0.71224 0.652315 0.043229 0.121296
2 0.500781 0.635185 0.043229 0.048148
2 0.453646 0.672685 0.095833 0.150926
2 0.011198 0.650926 0.023438 0.124074
0 0.083854 0.631481 0.005208 0.025926
0 0.102083 0.628704 0.00625 0.02963
0 0.117448 0.628704 0.005729 0.033333
0 0.110677 0.633333 0.006771 0.02037
1 0.144792 0.635185 0.010417 0.042593
2 0.208854 0.6375 0.048958 0.049074
4 0.28099 0.60787 0.053646 0.071296
2 0.320312 0.628704 0.027083 0.037037
2 0.334896 0.628241 0.01875 0.028704
2 0.353646 0.629167 0.01875 0.026852
2 0.369792 0.630556 0.015625 0.02037
2 0.379688 0.629167 0.019792 0.025
2 0.392969 0.630093 0.014063 0.021296
4 0.429427 0.610648 0.056771 0.080556
