2 0.090625 0.714352 0.10625 0.113889
2 0.185417 0.706481 0.107292 0.12037
2 0.226562 0.689815 0.05625 0.07963
2 0.264844 0.688426 0.038021 0.062037
2 0.288281 0.682407 0.042188 0.064815
2 0.309115 0.685648 0.026562 0.047222
2 0.33099 0.686574 0.024479 0.032407
2 0.351562 0.684259 0.023958 0.02963
0 0.401302 0.675926 0.007812 0.038889
2 0.847135 0.742593 0.235937 0.209259
2 0.698177 0.714815 0.134896 0.137037
2 0.59974 0.694444 0.073438 0.083333
2 0.568229 0.693519 0.040625 0.066667
2 0.553646 0.686574 0.029167 0.056481
3 0.503385 0.661574 0.034896 0.067593
3 0.485937 0.666204 0.016667 0.041667
2 0.478646 0.673148 0.0125 0.022222
2 0.472135 0.674074 0.010937 0.018519
