2 0.120052 0.624537 0.171354 0.102778
2 0.214323 0.634259 0.026562 0.040741
2 0.475781 0.634259 0.125521 0.072222
1 0.549479 0.62963 0.010417 0.038889
0 0.597917 0.625926 0.007292 0.038889
1 0.620573 0.658333 0.041146 0.127778
1 0.67526 0.658796 0.036979 0.134259
1 0.720052 0.66713 0.051562 0.139815
2 0.732031 0.635185 0.116146 0.098148
1 0.739062 0.659722 0.048958 0.134259
1 0.763281 0.645833 0.025521 0.106481
1 0.796094 0.632407 0.016146 0.046296
1 0.819531 0.651852 0.033854 0.096296
2 0.882031 0.6375 0.125521 0.100926
0 0.878646 0.638889 0.014583 0.081481
