2 0.217708 0.668519 0.104167 0.068519
2 0.36875 0.672222 0.080208 0.057407
3 0.395833 0.659259 0.033333 0.07037
2 0.446615 0.673148 0.034896 0.046296
2 0.432812 0.673611 0.026042 0.037963
2 0.520312 0.668981 0.054167 0.05463
2 0.584896 0.676852 0.105208 0.066667
2 0.705208 0.685648 0.103125 0.050926
2 0.842969 0.686111 0.091146 0.055556
2 0.946615 0.690278 0.085938 0.052778
1 0.942708 0.698611 0.029167 0.076852
3 0.928385 0.656944 0.142187 0.110185
1 0.66901 0.678241 0.014063 0.043519
0 0.663542 0.678241 0.010417 0.039815
