0 0.026042 0.658333 0.028125 0.111111
0 0.058073 0.660185 0.025521 0.111111
0 0.188542 0.664815 0.027083 0.118519
0 0.28099 0.641667 0.008854 0.048148
0 0.289844 0.64213 0.009896 0.050926
0 0.298698 0.64213 0.008854 0.050926
1 0.407552 0.637037 0.008854 0.035185
1 0.441667 0.63287 0.008333 0.026852
2 0.480469 0.631481 0.007812 0.011111
2 0.511979 0.631481 0.014583 0.022222
1 0.54349 0.631481 0.005729 0.022222
1 0.674219 0.65463 0.021354 0.101852
0 0.879427 0.634259 0.021354 0.111111
0 0.860677 0.635648 0.019271 0.113889
3 0.497656 0.626852 0.009896 0.018519
