1 0.900521 0.684722 0.05 0.149074
2 0.914583 0.790741 0.170833 0.416667
2 0.711979 0.710648 0.191667 0.236111
2 0.476042 0.796296 0.321875 0.403704
0 0.336719 0.685185 0.011979 0.053704
3 0.342708 0.663426 0.023958 0.052778
2 0.30651 0.680556 0.018229 0.024074
4 0.314844 0.665741 0.027604 0.051852
1 0.292708 0.68287 0.015625 0.049074
1 0.278125 0.680556 0.00625 0.024074
1 0.26849 0.682407 0.007812 0.027778
0 0.234635 0.689815 0.009896 0.05
2 0.17474 0.689815 0.061979 0.046296
2 0.108073 0.678704 0.066146 0.048148
