0 0.935677 0.681019 0.018229 0.080556
2 0.816927 0.738889 0.252604 0.288889
2 0.585677 0.66713 0.052604 0.089815
2 0.636458 0.684259 0.102083 0.116667
3 0.523177 0.615278 0.121354 0.25463
2 0.51224 0.573148 0.085938 0.166667
2 0.453385 0.653241 0.031771 0.050926
2 0.425521 0.647685 0.022917 0.039815
2 0.410677 0.65 0.033854 0.051852
2 0.376302 0.659259 0.052604 0.059259
4 0.308854 0.620833 0.101042 0.136111
2 0.158594 0.691204 0.192188 0.169444
2 0.063802 0.681944 0.124479 0.130556
4 0.135937 0.613426 0.119792 0.176852
