0 0.566667 0.744444 0.052083 0.242593
0 0.579948 0.709722 0.054688 0.287963
2 0.5125 0.69213 0.327083 0.243519
1 0.260677 0.7125 0.123437 0.250926
0 0.804948 0.722222 0.065104 0.257407
0 0.780469 0.743981 0.055729 0.191667
0 0.888281 0.79537 0.071354 0.262963
0 0.897135 0.74537 0.097396 0.32963
0 0.858073 0.768056 0.056771 0.210185
0 0.957031 0.765278 0.040104 0.228704
0 0.936198 0.730093 0.039062 0.250926
0 0.308594 0.677315 0.015104 0.082407
0 0.109635 0.6875 0.036979 0.186111
0 0.040104 0.728704 0.047917 0.225926
0 0.017448 0.706944 0.034896 0.286111
0 0.085677 0.684722 0.017188 0.130556
0 0.063542 0.690741 0.023958 0.12037
0 0.1875 0.682407 0.020833 0.07037
0 0.191927 0.675 0.011979 0.085185
2 0.305208 0.656944 0.041667 0.058333
2 0.350521 0.661574 0.041667 0.071296
0 0.366927 0.677778 0.017188 0.101852
0 0.333854 0.684722 0.020833 0.087963
0 0.326562 0.675463 0.021875 0.097222
0 0.422656 0.666667 0.014063 0.114815
0 0.411979 0.668519 0.016667 0.092593
2 0.666406 0.675926 0.027604 0.077778
1 0.715625 0.675926 0.015625 0.074074
0 0.704427 0.672222 0.017188 0.087037
0 0.828646 0.683796 0.01875 0.10463
3 0.964062 0.653241 0.072917 0.217593
