4 0.088281 0.561111 0.175521 0.266667
1 0.151823 0.638889 0.055729 0.122222
1 0.190365 0.630093 0.024479 0.099074
1 0.217969 0.635185 0.030729 0.094444
2 0.209115 0.600926 0.089063 0.124074
2 0.266927 0.619444 0.056771 0.072222
2 0.295312 0.626389 0.03125 0.047222
2 0.313542 0.625463 0.027083 0.039815
2 0.335938 0.619907 0.029167 0.041667
2 0.347917 0.615741 0.022917 0.024074
2 0.366146 0.620833 0.021875 0.028704
2 0.394792 0.616667 0.015625 0.022222
2 0.409896 0.614815 0.011458 0.014815
2 0.4375 0.6125 0.010417 0.015741
2 0.446354 0.615278 0.013542 0.023148
1 0.459635 0.618981 0.007812 0.032407
5 0.48125 0.631481 0.019792 0.064815
2 0.499479 0.625 0.017708 0.031481
2 0.510156 0.626389 0.022396 0.034259
4 0.548958 0.598148 0.071875 0.138889
4 0.61875 0.584722 0.121875 0.260185
4 0.801562 0.450463 0.396875 0.828704
5 0.382552 0.606944 0.020313 0.04537
