1 0.193229 0.71713 0.042708 0.150926
2 0.377083 0.681944 0.071875 0.073148
0 0.421875 0.668519 0.005208 0.037037
2 0.569271 0.674537 0.046875 0.067593
0 0.496875 0.660648 0.007292 0.034259
2 0.597396 0.658333 0.017708 0.024074
0 0.608594 0.657407 0.006771 0.027778
1 0.642448 0.675463 0.022396 0.087963
2 0.66276 0.65787 0.020313 0.025
2 0.685677 0.667593 0.034896 0.048148
3 0.697396 0.639815 0.025 0.035185
0 0.784635 0.650926 0.009896 0.038889
0 0.790885 0.649074 0.008854 0.042593
0 0.801562 0.649537 0.007292 0.041667
0 0.814844 0.639815 0.006771 0.044444
2 0.666667 0.648611 0.019792 0.025
