4 0.09375 0.464815 0.188542 0.931481
0 0.933594 0.8 0.011979 0.164815
0 0.923438 0.671296 0.039583 0.162963
2 0.832552 0.660185 0.124479 0.094444
2 0.781771 0.647685 0.113542 0.089815
2 0.754167 0.644444 0.082292 0.074074
2 0.70625 0.638426 0.070833 0.063889
2 0.680208 0.634259 0.076042 0.072222
2 0.63151 0.635185 0.054688 0.046296
2 0.238021 0.6125 0.073958 0.049074
2 0.266927 0.618519 0.052604 0.040741
2 0.303125 0.615278 0.035417 0.034259
1 0.325781 0.62037 0.009896 0.040741
2 0.41875 0.628704 0.020833 0.022222
1 0.41224 0.628704 0.010937 0.037037
2 0.476562 0.633796 0.015625 0.025
1 0.507292 0.635185 0.008333 0.02963
2 0.459635 0.628241 0.009896 0.017593
2 0.453906 0.629167 0.011979 0.021296
