4 0.067969 0.6125 0.134896 0.199074
0 0.14974 0.644444 0.009896 0.05
0 0.275521 0.656481 0.009375 0.048148
1 0.352083 0.666204 0.008333 0.047222
2 0.390625 0.668519 0.042708 0.053704
4 0.386979 0.636574 0.127083 0.089815
1 0.457292 0.668981 0.0125 0.04537
2 0.486979 0.6625 0.011458 0.017593
2 0.502344 0.664815 0.016146 0.025926
4 0.538802 0.653704 0.024479 0.053704
0 0.52526 0.664815 0.006771 0.038889
0 0.564844 0.671296 0.007812 0.040741
0 0.58151 0.671296 0.011979 0.046296
2 0.632812 0.685648 0.058333 0.073148
0 0.673177 0.683333 0.017188 0.081481
2 0.740104 0.694907 0.096875 0.143519
2 0.834896 0.724537 0.14375 0.150926
2 0.933594 0.79213 0.131771 0.284259
0 0.930729 0.691204 0.021875 0.117593
1 0.777604 0.791204 0.116667 0.417593
2 0.465625 0.666667 0.015625 0.02963
