0 0.654427 0.759722 0.114062 0.410185
0 0.638802 0.806019 0.066146 0.280556
0 0.736719 0.762963 0.068229 0.262963
0 0.760677 0.747222 0.092188 0.335185
0 0.921875 0.72037 0.072917 0.266667
2 0.75651 0.688889 0.295312 0.22963
3 0.958073 0.651389 0.080729 0.212037
0 0.49349 0.688889 0.036979 0.190741
0 0.504167 0.712963 0.026042 0.133333
0 0.586719 0.664352 0.010937 0.067593
0 0.480208 0.675 0.015625 0.092593
1 0.558594 0.694907 0.096354 0.152778
0 0.394792 0.755556 0.079167 0.312963
0 0.319792 0.753704 0.063542 0.214815
0 0.342448 0.719444 0.058854 0.281481
0 0.204948 0.736111 0.038021 0.207407
0 0.175781 0.711574 0.053646 0.265741
0 0.273438 0.687037 0.346875 0.244444
0 0.085938 0.714352 0.048958 0.252778
0 0.046354 0.755556 0.091667 0.346296
0 0.057552 0.689815 0.074479 0.318519
0 0.016927 0.749537 0.035937 0.20463
