1 0.153906 0.655556 0.015104 0.044444
2 0.258594 0.649074 0.035937 0.046296
3 0.29401 0.624537 0.054688 0.100926
2 0.328125 0.640278 0.023958 0.032407
2 0.359896 0.639815 0.015625 0.022222
3 0.376302 0.631019 0.023438 0.041667
2 0.38776 0.6375 0.014063 0.021296
3 0.403385 0.62963 0.017188 0.027778
3 0.417969 0.627778 0.009896 0.024074
4 0.423698 0.625463 0.010937 0.025
2 0.443229 0.631019 0.008333 0.015741
2 0.458333 0.634259 0.023958 0.016667
0 0.657031 0.637037 0.009896 0.057407
1 0.71224 0.656019 0.024479 0.091667
