0 0.190365 0.634722 0.006771 0.036111
0 0.238021 0.631944 0.007292 0.039815
1 0.426823 0.625926 0.008854 0.02037
2 0.426563 0.625 0.026042 0.024074
2 0.397396 0.628241 0.036458 0.060185
2 0.357031 0.633796 0.034896 0.047222
2 0.302604 0.634259 0.082292 0.1
2 0.536979 0.624537 0.013542 0.025
2 0.505208 0.630556 0.045833 0.092593
1 0.597135 0.627778 0.009896 0.027778
2 0.684375 0.669444 0.116667 0.131481
0 0.793229 0.643519 0.015625 0.046296
0 0.788281 0.637037 0.010937 0.040741
1 0.757812 0.645833 0.017708 0.060185
0 0.848958 0.6375 0.013542 0.075
1 0.904167 0.664815 0.030208 0.098148
