2 0.960417 0.613889 0.077083 0.112963
2 0.879167 0.623148 0.101042 0.1
2 0.805729 0.627778 0.092708 0.098148
2 0.670833 0.625926 0.110417 0.074074
1 0.648698 0.643056 0.027604 0.10463
2 0.633333 0.630093 0.102083 0.063889
2 0.530469 0.627315 0.081771 0.089815
2 0.477344 0.673148 0.148438 0.218519
2 0.391406 0.635185 0.064062 0.087037
1 0.278906 0.613889 0.013021 0.062963
0 0.213802 0.614815 0.010937 0.059259
3 0.154167 0.6 0.089583 0.07037
0 0.263802 0.604167 0.009896 0.043519
0 0.302604 0.616667 0.011458 0.055556
2 0.089844 0.613426 0.069271 0.052778
2 0.036979 0.625463 0.075 0.073148
