0 0.047135 0.585648 0.020313 0.080556
0 0.090625 0.588426 0.017708 0.076852
0 0.111198 0.599537 0.021354 0.106481
1 0.139063 0.613426 0.038542 0.125
0 0.245833 0.602778 0.019792 0.077778
4 0.322917 0.572685 0.061458 0.113889
0 0.379427 0.614352 0.017188 0.078704
2 0.370573 0.590741 0.021354 0.02037
2 0.391667 0.594444 0.014583 0.022222
1 0.417708 0.643519 0.044792 0.164815
2 0.44974 0.623148 0.056771 0.085185
2 0.542448 0.606944 0.153646 0.247222
3 0.814844 0.672685 0.369271 0.634259
0 0.283073 0.589815 0.008854 0.035185
