0 0.066146 0.56713 0.021875 0.078704
0 0.192708 0.574074 0.011458 0.042593
1 0.290625 0.594907 0.025 0.076852
1 0.351042 0.586574 0.008333 0.032407
2 0.34375 0.582407 0.014583 0.02037
2 0.36276 0.582407 0.014063 0.022222
1 0.402865 0.594907 0.020313 0.063889
1 0.426042 0.60463 0.016667 0.062963
1 0.46875 0.617593 0.026042 0.111111
2 0.515625 0.625 0.082292 0.114815
2 0.480469 0.612963 0.058854 0.083333
2 0.615625 0.618981 0.080208 0.108333
2 0.793229 0.671296 0.359375 0.385185
2 0.941406 0.827778 0.116146 0.338889
1 0.392188 0.594907 0.023958 0.039815
