2 0.054948 0.67963 0.108854 0.135185
1 0.185938 0.672222 0.04375 0.131481
2 0.151042 0.663426 0.102083 0.110185
2 0.229948 0.652315 0.069271 0.089815
2 0.277865 0.655556 0.056771 0.066667
2 0.307552 0.653704 0.039062 0.053704
1 0.336719 0.655556 0.021354 0.07963
2 0.348177 0.650463 0.032813 0.043519
1 0.408854 0.641667 0.010417 0.044444
1 0.425 0.643981 0.009375 0.037963
2 0.450781 0.648148 0.033854 0.042593
2 0.407292 0.643519 0.023958 0.02963
2 0.495573 0.640278 0.009896 0.012037
3 0.551562 0.630556 0.028125 0.064815
2 0.579167 0.654167 0.069792 0.041667
