2 0.81276 0.687037 0.218229 0.125926
1 0.709896 0.658796 0.027083 0.082407
1 0.691667 0.64537 0.030208 0.083333
1 0.653385 0.639815 0.020313 0.083333
0 0.646354 0.627315 0.011458 0.062037
1 0.621615 0.624537 0.011979 0.060185
0 0.60651 0.620833 0.010937 0.067593
1 0.597135 0.619907 0.009896 0.050926
2 0.548958 0.592593 0.022917 0.033333
2 0.522135 0.605556 0.024479 0.037037
2 0.502865 0.596296 0.021354 0.02963
2 0.503385 0.629167 0.043229 0.060185
2 0.477865 0.615278 0.033854 0.047222
2 0.470312 0.598148 0.025 0.035185
2 0.451302 0.618056 0.040104 0.065741
2 0.414062 0.605093 0.033333 0.039815
2 0.392448 0.610185 0.029687 0.040741
2 0.372917 0.614815 0.045833 0.062963
2 0.339062 0.623148 0.05625 0.07037
2 0.301302 0.622685 0.042188 0.056481
2 0.27474 0.646759 0.084896 0.086111
2 0.261458 0.59537 0.066667 0.1
2 0.242188 0.631019 0.067708 0.075
0 0.164323 0.65787 0.029687 0.141667
2 0.128125 0.644444 0.104167 0.077778
0 0.066927 0.604167 0.009896 0.060185
0 0.058594 0.589815 0.008854 0.037037
0 0.046094 0.616204 0.013021 0.063889
0 0.013802 0.612963 0.013021 0.068519
0 0.007292 0.639815 0.014583 0.085185
2 0.100521 0.766667 0.194792 0.240741
2 0.440365 0.82963 0.381771 0.338889
