0 0.857031 0.672222 0.034896 0.137037
1 0.802865 0.67037 0.038021 0.103704
2 0.60599 0.669907 0.122396 0.147222
1 0.985156 0.701389 0.030729 0.115741
2 0.53099 0.630556 0.053646 0.066667
2 0.49974 0.613889 0.018229 0.027778
2 0.4875 0.620833 0.023958 0.037963
2 0.465885 0.624074 0.033854 0.053704
3 0.451302 0.605556 0.028646 0.055556
2 0.416667 0.611111 0.029167 0.033333
3 0.434896 0.594907 0.015625 0.037963
2 0.370312 0.614815 0.029167 0.044444
2 0.338802 0.620833 0.052604 0.071296
2 0.327344 0.596759 0.032813 0.039815
2 0.277865 0.612037 0.053646 0.061111
2 0.027083 0.591667 0.054167 0.081481
0 0.169271 0.593981 0.009375 0.039815
0 0.160677 0.59537 0.010937 0.042593
