2 0.011198 0.592593 0.021354 0.048148
2 0.125781 0.608796 0.032813 0.041667
2 0.160156 0.605093 0.024479 0.036111
3 0.173437 0.589815 0.03125 0.02963
2 0.179688 0.598611 0.013542 0.017593
2 0.191927 0.601852 0.011979 0.016667
2 0.208073 0.599074 0.017188 0.037037
2 0.216927 0.608333 0.025521 0.038889
2 0.234896 0.600926 0.010417 0.018519
0 0.253385 0.64537 0.043229 0.27037
0 0.304167 0.677315 0.03125 0.110185
0 0.34375 0.643981 0.040625 0.169444
0 0.354427 0.610648 0.019271 0.09537
2 0.402344 0.605556 0.053646 0.059259
2 0.428125 0.629167 0.071875 0.108333
2 0.502083 0.608333 0.078125 0.068519
0 0.500781 0.615278 0.016146 0.087963
0 0.523177 0.618519 0.013021 0.092593
0 0.565625 0.637037 0.026042 0.151852
0 0.544792 0.657407 0.011458 0.061111
0 0.595313 0.6375 0.035417 0.14537
0 0.605469 0.599537 0.009896 0.078704
2 0.792188 0.628704 0.202083 0.174074
2 0.886719 0.627778 0.193229 0.205556
2 0.980469 0.651389 0.039062 0.165741
