2 0.185938 0.716204 0.238542 0.226852
1 0.094531 0.681944 0.043229 0.112037
2 0.276042 0.660185 0.079167 0.111111
2 0.366667 0.658796 0.052083 0.058333
2 0.433854 0.653704 0.044792 0.064815
2 0.463021 0.650926 0.019792 0.035185
2 0.516667 0.658796 0.035417 0.05463
4 0.522917 0.643981 0.032292 0.056481
2 0.6375 0.680093 0.089583 0.117593
2 0.576042 0.659722 0.033333 0.04537
2 0.550781 0.652778 0.023438 0.025926
2 0.911979 0.661111 0.076042 0.061111
1 0.767188 0.656481 0.014583 0.057407
1 0.73099 0.657407 0.014063 0.048148
2 0.591406 0.334722 0.031771 0.058333
