0 0.923438 0.669444 0.107292 0.562963
0 0.819271 0.61713 0.059375 0.271296
0 0.715625 0.619444 0.038542 0.155556
0 0.691927 0.652315 0.045312 0.293519
0 0.673177 0.639352 0.036979 0.219444
0 0.635677 0.635648 0.039062 0.241667
4 0.591406 0.640278 0.029687 0.221296
0 0.610938 0.621296 0.019792 0.098148
0 0.566146 0.630093 0.016667 0.073148
0 0.545573 0.628704 0.021354 0.087037
0 0.533854 0.622685 0.014583 0.080556
2 0.445052 0.645833 0.097396 0.150926
0 0.398177 0.623611 0.018229 0.09537
0 0.389844 0.620833 0.014063 0.071296
2 0.380729 0.615741 0.014583 0.024074
2 0.353385 0.616667 0.013021 0.02037
2 0.329427 0.619444 0.020313 0.02963
2 0.309896 0.621296 0.021875 0.02963
2 0.321354 0.624537 0.030208 0.039815
2 0.28125 0.614815 0.017708 0.024074
0 0.2625 0.615278 0.026042 0.021296
0 0.232552 0.621759 0.023438 0.125
0 0.246094 0.609722 0.009896 0.058333
