2 0.129688 0.784722 0.259375 0.428704
2 0.403385 0.864815 0.391146 0.274074
3 0.290365 0.643056 0.256771 0.182407
1 0.801302 0.830556 0.107812 0.307407
3 0.24375 0.574074 0.147917 0.212963
1 0.499219 0.628241 0.019271 0.071296
2 0.66901 0.6625 0.169271 0.102778
1 0.741406 0.706944 0.061979 0.162037
1 0.79401 0.741204 0.065104 0.199074
1 0.848958 0.738426 0.05625 0.186111
2 0.872917 0.503241 0.15625 0.080556
3 0.897135 0.580093 0.205729 0.236111
3 0.383594 0.57963 0.044271 0.101852
4 0.403385 0.590741 0.027604 0.066667
3 0.445573 0.589352 0.018229 0.056481
1 0.480729 0.615741 0.013542 0.05
2 0.963021 0.595833 0.071875 0.067593
