1 0.033333 0.652315 0.028125 0.080556
0 0.260417 0.634722 0.007292 0.041667
2 0.411458 0.634259 0.039583 0.068519
2 0.447135 0.633796 0.018229 0.023148
3 0.463281 0.628704 0.017188 0.025926
2 0.479687 0.633333 0.011458 0.018519
2 0.497396 0.643519 0.039583 0.053704
3 0.52474 0.625463 0.025521 0.043519
2 0.528646 0.640741 0.032292 0.042593
1 0.576823 0.642593 0.006771 0.024074
1 0.597135 0.647222 0.008854 0.037037
3 0.651823 0.628704 0.059896 0.066667
1 0.788802 0.687037 0.032813 0.101852
1 0.746354 0.668981 0.016667 0.075
