2 0.799219 0.786111 0.402604 0.424074
2 0.49349 0.631019 0.014063 0.021296
2 0.498437 0.633796 0.01875 0.026852
2 0.485677 0.629167 0.009896 0.015741
2 0.46849 0.631944 0.016146 0.025
2 0.44401 0.628704 0.009896 0.012963
2 0.414062 0.631944 0.015625 0.021296
2 0.403385 0.634722 0.020313 0.034259
2 0.38724 0.641204 0.028646 0.037963
2 0.218229 0.638889 0.030208 0.033333
2 0.167187 0.643519 0.04375 0.037037
2 0.130208 0.649537 0.047917 0.04537
1 0.114323 0.652778 0.021354 0.059259
2 0.095312 0.644907 0.063542 0.069444
