2 0.967187 0.594907 0.066667 0.071296
2 0.944271 0.601852 0.1 0.062963
1 0.885677 0.600926 0.026562 0.044444
1 0.838542 0.630556 0.098958 0.183333
2 0.797656 0.605093 0.097396 0.062037
2 0.704688 0.613426 0.151042 0.108333
2 0.64375 0.611574 0.085417 0.058333
1 0.505469 0.610648 0.033854 0.052778
2 0.495573 0.601852 0.028646 0.044444
2 0.452344 0.596296 0.020313 0.033333
2 0.459115 0.594444 0.022396 0.035185
2 0.413021 0.628241 0.166667 0.091667
1 0.320833 0.608796 0.009375 0.047222
1 0.172917 0.616204 0.035417 0.062037
2 0.092708 0.697685 0.185417 0.289815
