1 0.151823 0.663889 0.027604 0.087037
2 0.434635 0.653704 0.045312 0.066667
2 0.460677 0.644907 0.017188 0.028704
2 0.48151 0.643981 0.014063 0.021296
2 0.522656 0.652315 0.031771 0.047222
2 0.560937 0.647685 0.020833 0.034259
2 0.590104 0.651852 0.040625 0.066667
1 0.841667 0.668056 0.036458 0.125
0 0.819792 0.664352 0.01875 0.106481
0 0.980469 0.664352 0.015104 0.102778
0 0.951302 0.661574 0.015104 0.078704
2 0.976042 0.663889 0.048958 0.066667
2 0.94349 0.653704 0.067187 0.075926
2 0.895573 0.655556 0.058854 0.064815
2 0.867708 0.657407 0.055208 0.05
