1 0.097656 0.684259 0.196354 0.301852
2 0.105729 0.65787 0.209375 0.158333
3 0.266927 0.623611 0.199479 0.134259
2 0.179948 0.636111 0.124479 0.114815
0 0.403906 0.625 0.025521 0.05
2 0.402344 0.622685 0.031771 0.047222
2 0.446354 0.619907 0.030208 0.047222
3 0.415885 0.610185 0.030729 0.051852
2 0.459635 0.623611 0.019271 0.037963
2 0.467448 0.623611 0.018229 0.032407
2 0.53724 0.638889 0.109896 0.075926
2 0.50599 0.627315 0.029687 0.067593
2 0.664323 0.660648 0.161979 0.106481
2 0.736719 0.654167 0.141146 0.102778
2 0.971875 0.668981 0.055208 0.062037
3 0.883333 0.62037 0.188542 0.146296
