1 0.035937 0.664815 0.034375 0.077778
1 0.127604 0.650926 0.022917 0.068519
0 0.241667 0.634722 0.009375 0.037963
3 0.302604 0.62037 0.057292 0.057407
2 0.434896 0.631481 0.022917 0.033333
2 0.460156 0.629167 0.016146 0.023148
2 0.51875 0.628704 0.014583 0.024074
2 0.548177 0.630093 0.015104 0.026852
2 0.814323 0.625 0.020313 0.025926
2 0.13776 0.641204 0.051562 0.032407
2 0.688542 0.625926 0.036458 0.025926
2 0.448437 0.628241 0.009375 0.019444
2 0.533333 0.629167 0.009375 0.015741
2 0.48099 0.630093 0.007812 0.012037
0 0.371354 0.635185 0.00625 0.02963
0 0.366667 0.636111 0.005208 0.02963
2 0.774479 0.622222 0.032292 0.025926
