1 0.15651 0.608796 0.024479 0.052778
1 0.189844 0.607407 0.023438 0.044444
1 0.220312 0.606481 0.021875 0.046296
1 0.247135 0.605556 0.021354 0.048148
0 0.278906 0.600463 0.021354 0.091667
1 0.352344 0.650463 0.121354 0.225
3 0.438802 0.584722 0.059896 0.09537
2 0.514323 0.608333 0.119271 0.07963
2 0.572656 0.619444 0.046354 0.046296
1 0.63099 0.602778 0.009896 0.038889
1 0.746875 0.67037 0.080208 0.222222
0 0.778906 0.613426 0.013021 0.058333
1 0.852344 0.677315 0.085938 0.236111
1 0.91849 0.6625 0.060937 0.267593
2 0.947917 0.618519 0.104167 0.068519
