2 0.86849 0.632407 0.124479 0.094444
2 0.920052 0.633796 0.159896 0.10463
2 0.817969 0.612037 0.042188 0.031481
2 0.751563 0.610648 0.044792 0.036111
2 0.616927 0.627315 0.070312 0.047222
1 0.544531 0.622685 0.009896 0.041667
2 0.465625 0.6625 0.105208 0.15463
2 0.41901 0.622685 0.008854 0.017593
2 0.410417 0.624074 0.009375 0.018519
2 0.401302 0.625 0.011979 0.025926
2 0.39401 0.628241 0.014063 0.026852
2 0.364844 0.627778 0.059896 0.116667
2 0.323437 0.642593 0.092708 0.131481
2 0.217448 0.639815 0.183854 0.275926
2 0.111198 0.644907 0.089063 0.080556
2 0.067187 0.706019 0.134375 0.35463
