0 0.007812 0.675926 0.016667 0.111111
0 0.059896 0.675463 0.016667 0.112037
0 0.119531 0.664815 0.010937 0.072222
1 0.347135 0.676389 0.010937 0.060185
1 0.372656 0.671759 0.011979 0.050926
1 0.392708 0.674074 0.015625 0.051852
2 0.478125 0.692593 0.067708 0.103704
3 0.483854 0.640741 0.033333 0.07963
1 0.539062 0.666667 0.010417 0.042593
1 0.605729 0.673148 0.016667 0.090741
1 0.613802 0.686574 0.016146 0.09537
0 0.70651 0.648611 0.008854 0.050926
2 0.707031 0.649074 0.078646 0.046296
0 0.848437 0.650926 0.011458 0.07963
1 0.525521 0.661111 0.007292 0.031481
2 0.519531 0.6625 0.017188 0.026852
5 0.580208 0.655093 0.038542 0.032407
