1 0.698698 0.680093 0.015104 0.05463
2 0.533073 0.61713 0.014063 0.025
3 0.521094 0.601852 0.016146 0.031481
2 0.49974 0.606481 0.014063 0.016667
3 0.491927 0.59213 0.015104 0.030556
2 0.4875 0.605093 0.011458 0.019444
2 0.490885 0.621296 0.017188 0.025926
3 0.478906 0.590741 0.011979 0.024074
2 0.46875 0.607407 0.011458 0.016667
2 0.465365 0.624537 0.018229 0.026852
2 0.446615 0.6375 0.022396 0.037963
2 0.409896 0.665741 0.064583 0.077778
2 0.14349 0.772685 0.286979 0.421296
2 0.39401 0.598148 0.018229 0.014815
2 0.442708 0.601852 0.011458 0.014815
3 0.44375 0.587963 0.011458 0.025926
3 0.45026 0.586111 0.009896 0.018519
3 0.435156 0.587963 0.009896 0.02037
3 0.429948 0.596759 0.009896 0.017593
4 0.463021 0.58287 0.008333 0.019444
1 0.334115 0.610648 0.005729 0.021296
1 0.322917 0.613426 0.005208 0.019444
1 0.340365 0.610185 0.004687 0.016667
