2 0.024479 0.694444 0.05 0.114815
2 0.107812 0.693981 0.083333 0.082407
2 0.138802 0.688426 0.042188 0.060185
2 0.163281 0.683796 0.038021 0.063889
1 0.240365 0.706481 0.190104 0.587037
1 0.410417 0.734259 0.065625 0.35
2 0.271094 0.666667 0.021354 0.040741
2 0.267708 0.686574 0.021875 0.04537
2 0.31901 0.667593 0.019271 0.02963
1 0.334375 0.67037 0.007292 0.025926
2 0.363281 0.670833 0.027604 0.043519
2 0.353906 0.678704 0.029687 0.051852
0 0.492969 0.67037 0.022396 0.122222
0 0.573438 0.669907 0.030208 0.14537
0 0.652865 0.670833 0.027604 0.150926
0 0.523958 0.67037 0.013542 0.07963
0 0.55026 0.673611 0.016146 0.102778
0 0.614323 0.683796 0.021354 0.102778
0 0.604948 0.679167 0.023438 0.100926
