3 0.073958 0.559259 0.148958 0.251852
2 0.163021 0.610648 0.059375 0.060185
2 0.23151 0.610648 0.047396 0.034259
2 0.258073 0.606944 0.048438 0.056481
2 0.308594 0.612963 0.065104 0.085185
4 0.366146 0.587963 0.0375 0.074074
2 0.398177 0.628704 0.059896 0.096296
2 0.439062 0.608333 0.027083 0.038889
1 0.460938 0.622685 0.011458 0.062037
1 0.475781 0.628704 0.015104 0.074074
1 0.485937 0.636111 0.019792 0.088889
1 0.516927 0.631944 0.019271 0.089815
2 0.523177 0.615278 0.071354 0.05463
0 0.626563 0.626389 0.016667 0.075
2 0.698438 0.625 0.091667 0.088889
0 0.913542 0.689352 0.051042 0.200926
