5 0.169271 0.646759 0.053125 0.063889
1 0.234635 0.64213 0.018229 0.049074
1 0.408333 0.633796 0.010417 0.043519
2 0.439583 0.630093 0.016667 0.026852
2 0.445573 0.626389 0.015104 0.028704
1 0.340625 0.630556 0.010417 0.031481
2 0.31901 0.633796 0.047396 0.028704
2 0.091146 0.640741 0.1125 0.081481
2 0.03151 0.653241 0.063021 0.071296
2 0.478385 0.627778 0.014063 0.02037
2 0.510417 0.63287 0.03125 0.047222
2 0.495573 0.637963 0.043229 0.057407
2 0.603125 0.644907 0.058333 0.076852
1 0.676302 0.631019 0.018229 0.047222
2 0.690365 0.625463 0.051562 0.034259
2 0.534635 0.624537 0.015104 0.012037
