0 0.770052 0.67037 0.021354 0.081481
1 0.452344 0.687963 0.013021 0.044444
1 0.441146 0.683333 0.009375 0.042593
1 0.430729 0.681019 0.008333 0.032407
2 0.41849 0.679167 0.008854 0.013889
2 0.409896 0.677778 0.010417 0.016667
2 0.379427 0.681481 0.014063 0.018519
2 0.345833 0.684259 0.036458 0.051852
2 0.302344 0.687037 0.032813 0.040741
2 0.263281 0.676389 0.054688 0.076852
0 0.170052 0.675926 0.008854 0.046296
2 0.128385 0.677778 0.053646 0.059259
2 0.070833 0.675463 0.075 0.069444
2 0.021094 0.673611 0.040104 0.086111
