2 0.032292 0.701852 0.064583 0.162963
2 0.114323 0.67037 0.165104 0.175926
0 0.209635 0.666667 0.023438 0.101852
2 0.320833 0.665278 0.05 0.058333
2 0.343229 0.661111 0.033333 0.057407
2 0.363542 0.662037 0.026042 0.044444
2 0.407812 0.655093 0.019792 0.034259
2 0.444271 0.656019 0.021875 0.023148
1 0.538021 0.668519 0.015625 0.064815
2 0.571615 0.664815 0.034896 0.048148
2 0.648698 0.689352 0.072396 0.100926
4 0.670312 0.623611 0.133333 0.167593
2 0.776563 0.689815 0.140625 0.2
2 0.896875 0.759259 0.205208 0.242593
