2 0.95625 0.69213 0.0875 0.226852
0 0.742969 0.6375 0.025521 0.093519
2 0.650781 0.581481 0.014063 0.024074
2 0.615885 0.586574 0.033854 0.025
2 0.595313 0.580556 0.014583 0.014815
3 0.57526 0.580093 0.030729 0.065741
4 0.542708 0.589815 0.065625 0.131481
2 0.49401 0.588889 0.021354 0.022222
3 0.486198 0.581019 0.030729 0.032407
2 0.433333 0.594907 0.032292 0.030556
2 0.404167 0.588426 0.03125 0.039815
3 0.36849 0.571759 0.072396 0.099074
3 0.320833 0.570833 0.0125 0.028704
1 0.303125 0.580556 0.005208 0.02037
1 0.263021 0.60463 0.014583 0.040741
1 0.214844 0.613426 0.017188 0.050926
2 0.195833 0.586574 0.030208 0.019444
1 0.165365 0.618981 0.024479 0.069444
3 0.047917 0.571296 0.095833 0.177778
