2 0.395313 0.653241 0.053125 0.084259
2 0.43125 0.647685 0.030208 0.050926
3 0.483854 0.615741 0.01875 0.048148
2 0.111979 0.643519 0.0875 0.074074
2 0.185677 0.639352 0.059896 0.063889
2 0.276823 0.639815 0.039062 0.044444
2 0.3375 0.629167 0.017708 0.026852
2 0.36849 0.63287 0.023438 0.041667
2 0.235677 0.624537 0.033854 0.036111
2 0.029687 0.646759 0.058333 0.065741
2 0.059635 0.644444 0.066146 0.046296
3 0.469271 0.623148 0.016667 0.042593
3 0.301302 0.610648 0.048438 0.067593
2 0.303906 0.637037 0.030729 0.02963
3 0.891667 0.62963 0.090625 0.064815
2 0.565104 0.625926 0.029167 0.025926
2 0.447917 0.623611 0.013542 0.021296
