2 0.834896 0.706481 0.0625 0.07037
2 0.776302 0.705093 0.056771 0.043519
2 0.682813 0.708333 0.10625 0.059259
3 0.686458 0.666204 0.179167 0.113889
2 0.549479 0.693056 0.061458 0.052778
3 0.571615 0.659722 0.126562 0.113889
3 0.44974 0.680556 0.015104 0.031481
2 0.416927 0.689815 0.017188 0.02963
2 0.40026 0.683796 0.008854 0.017593
2 0.381771 0.685648 0.020833 0.032407
2 0.32526 0.681481 0.099479 0.077778
2 0.308594 0.668056 0.083854 0.076852
2 0.197135 0.676852 0.063021 0.044444
2 0.128906 0.670833 0.105729 0.058333
2 0.075 0.662963 0.063542 0.051852
2 0.042969 0.660648 0.080729 0.058333
