4 0.889844 0.5 0.214062 0.992593
1 0.6875 0.654167 0.013542 0.047222
1 0.609635 0.646296 0.009896 0.031481
1 0.583073 0.643981 0.006771 0.026852
2 0.561719 0.649537 0.040104 0.062037
2 0.544531 0.647222 0.020313 0.040741
2 0.538802 0.640278 0.020313 0.041667
3 0.519531 0.625463 0.019271 0.041667
2 0.502344 0.664352 0.053646 0.078704
2 0.464323 0.639815 0.015104 0.02963
2 0.454167 0.642593 0.023958 0.037037
2 0.434635 0.637037 0.016146 0.027778
2 0.396615 0.664352 0.070312 0.097222
2 0.349479 0.662963 0.11875 0.161111
4 0.289323 0.608796 0.140104 0.20463
2 0.159896 0.743981 0.315625 0.393519
