3 0.894792 0.600463 0.209375 0.293519
2 0.736198 0.646296 0.145313 0.131481
2 0.4875 0.693519 0.271875 0.188889
2 0.078646 0.653241 0.15625 0.315741
2 0.328646 0.675926 0.179167 0.131481
3 0.097656 0.607407 0.116146 0.175926
3 0.161979 0.61713 0.079167 0.10463
2 0.215104 0.602315 0.027083 0.023148
2 0.253906 0.596759 0.016146 0.019444
2 0.267188 0.592593 0.014583 0.02037
2 0.285156 0.595833 0.015104 0.019444
3 0.289583 0.585185 0.013542 0.031481
2 0.321354 0.6 0.022917 0.02963
2 0.359375 0.599537 0.016667 0.023148
2 0.371354 0.589815 0.017708 0.022222
3 0.353125 0.575926 0.014583 0.033333
2 0.348698 0.591667 0.013021 0.016667
