0 0.960938 0.675463 0.036458 0.14537
0 0.923177 0.677315 0.027604 0.141667
0 0.905208 0.677778 0.021875 0.135185
0 0.867708 0.674537 0.023958 0.117593
0 0.777865 0.658796 0.019271 0.09537
0 0.602604 0.643056 0.007292 0.034259
2 0.56224 0.650463 0.040104 0.058333
2 0.542448 0.640741 0.023438 0.044444
2 0.53099 0.642593 0.016146 0.02963
3 0.530208 0.625 0.022917 0.051852
2 0.491667 0.660185 0.058333 0.085185
3 0.465104 0.630093 0.011458 0.021296
1 0.374219 0.638889 0.006771 0.027778
1 0.311458 0.646296 0.011458 0.038889
0 0.233854 0.65463 0.008333 0.042593
1 0.211458 0.651852 0.014583 0.05
0 0.013542 0.657407 0.016667 0.062963
