4 0.547656 0.731944 0.102604 0.176852
2 0.476823 0.755093 0.018229 0.026852
2 0.46901 0.744444 0.010937 0.02037
2 0.45026 0.747685 0.014063 0.025
2 0.445052 0.755556 0.018229 0.027778
2 0.415625 0.744444 0.013542 0.022222
3 0.411719 0.731944 0.019271 0.039815
2 0.398698 0.751852 0.019271 0.035185
2 0.384635 0.752778 0.029687 0.048148
2 0.366927 0.75463 0.034896 0.057407
2 0.348438 0.759259 0.038542 0.062963
4 0.259375 0.684259 0.186458 0.301852
2 0.103906 0.753704 0.132812 0.133333
2 0.026562 0.758333 0.051042 0.266667
