1 0.827604 0.72037 0.05625 0.174074
2 0.772656 0.625926 0.059896 0.057407
2 0.730469 0.626852 0.049479 0.062963
2 0.696094 0.615741 0.042188 0.05
3 0.747135 0.586574 0.153646 0.121296
1 0.698177 0.658796 0.045312 0.087963
1 0.592969 0.616204 0.024479 0.063889
0 0.560677 0.614815 0.010937 0.062963
0 0.554167 0.614815 0.011458 0.062963
4 0.476042 0.603704 0.117708 0.227778
2 0.418229 0.596759 0.022917 0.041667
3 0.350781 0.57963 0.036979 0.051852
2 0.303125 0.585648 0.027083 0.036111
2 0.341406 0.645833 0.077604 0.097222
1 0.286458 0.58287 0.00625 0.025
1 0.278125 0.583796 0.007292 0.028704
1 0.260156 0.586574 0.006771 0.030556
3 0.195052 0.57963 0.083854 0.083333
1 0.135156 0.596759 0.011979 0.047222
2 0.072135 0.598611 0.104688 0.149074
2 0.548698 0.568056 0.023438 0.026852
