2 0.020833 0.6125 0.041667 0.030556
2 0.052604 0.609722 0.036458 0.026852
4 0.132812 0.601852 0.110417 0.066667
2 0.239062 0.619907 0.035417 0.034259
1 0.189323 0.621759 0.016146 0.025
2 0.272656 0.636574 0.073438 0.078704
2 0.31224 0.625463 0.050521 0.073148
2 0.353125 0.626389 0.011458 0.019444
2 0.376302 0.626389 0.045312 0.028704
2 0.470573 0.633333 0.048438 0.027778
2 0.540625 0.636574 0.044792 0.028704
2 0.83125 0.677315 0.183333 0.106481
0 0.727604 0.647222 0.008333 0.040741
0 0.735156 0.639815 0.006771 0.046296
3 0.872656 0.625926 0.177604 0.146296
