1 0.72474 0.684722 0.022396 0.078704
0 0.826042 0.688426 0.017708 0.086111
1 0.713802 0.676389 0.021354 0.060185
1 0.657552 0.662963 0.015104 0.048148
0 0.61875 0.646759 0.007292 0.030556
1 0.60625 0.651389 0.007292 0.034259
2 0.529948 0.636574 0.014063 0.021296
1 0.575 0.636574 0.005208 0.023148
3 0.500521 0.62037 0.025 0.064815
2 0.467448 0.636574 0.016146 0.026852
1 0.396875 0.639352 0.005208 0.025
1 0.432292 0.634259 0.005208 0.02037
0 0.41849 0.633796 0.004687 0.019444
0 0.390625 0.628704 0.005208 0.024074
0 0.267188 0.652778 0.010417 0.051852
0 0.155729 0.674074 0.015625 0.062963
1 0.140625 0.680556 0.030208 0.064815
1 0.075781 0.691667 0.036979 0.088889
