2 0.016406 0.693056 0.032813 0.071296
1 0.179427 0.689815 0.013021 0.061111
1 0.198177 0.686574 0.017188 0.043519
2 0.25026 0.692593 0.049479 0.051852
2 0.288542 0.690741 0.036458 0.040741
2 0.329427 0.706481 0.066146 0.087037
2 0.373437 0.6875 0.023958 0.034259
2 0.379688 0.681481 0.021875 0.042593
2 0.391406 0.684722 0.016146 0.028704
2 0.4375 0.726389 0.08125 0.125
2 0.480469 0.693056 0.025521 0.039815
1 0.594792 0.70787 0.017708 0.056481
1 0.619792 0.709259 0.013542 0.053704
1 0.641146 0.710648 0.016667 0.062037
1 0.58099 0.703704 0.014063 0.061111
1 0.734115 0.71713 0.042188 0.071296
