2 0.02474 0.637963 0.049479 0.05
2 0.067708 0.632407 0.060417 0.051852
2 0.333333 0.60787 0.041667 0.050926
2 0.392188 0.6 0.035417 0.048148
2 0.376823 0.591204 0.024479 0.036111
2 0.409635 0.592593 0.023438 0.042593
2 0.438542 0.575463 0.014583 0.023148
3 0.45 0.556019 0.015625 0.037963
2 0.470312 0.56713 0.021875 0.050926
2 0.524219 0.585648 0.029687 0.041667
3 0.717187 0.571759 0.066667 0.05463
2 0.506771 0.570833 0.01875 0.032407
3 0.690104 0.565741 0.0625 0.042593
4 0.502083 0.558796 0.021875 0.047222
