2 0.072656 0.678241 0.145313 0.143519
3 0.061979 0.636574 0.122917 0.171296
2 0.390104 0.665741 0.070833 0.101852
3 0.359635 0.612037 0.076563 0.137037
3 0.319792 0.630093 0.070833 0.100926
2 0.463802 0.656944 0.039062 0.05463
2 0.615104 0.662037 0.06875 0.051852
1 0.682552 0.661574 0.016146 0.052778
1 0.84349 0.6875 0.017188 0.065741
2 0.807552 0.658796 0.089063 0.063889
2 0.892188 0.648148 0.063542 0.044444
3 0.521094 0.642593 0.028646 0.046296
2 0.536979 0.644907 0.010417 0.015741
4 0.523958 0.625463 0.025 0.050926
2 0.48776 0.650926 0.019271 0.027778
