1 0.860938 0.713426 0.045833 0.084259
1 0.779427 0.721759 0.068229 0.102778
1 0.63724 0.774537 0.132812 0.315741
1 0.558854 0.703704 0.014583 0.051852
1 0.547135 0.705093 0.014063 0.05463
5 0.534115 0.694907 0.009896 0.037963
1 0.520833 0.70463 0.023958 0.062963
2 0.466146 0.67963 0.008333 0.012963
2 0.445052 0.698148 0.040104 0.05
1 0.402865 0.704167 0.045312 0.067593
1 0.257292 0.701852 0.039583 0.07037
1 0.220573 0.691204 0.014063 0.05463
1 0.202604 0.693056 0.014583 0.04537
2 0.122135 0.702315 0.127604 0.080556
