2 0.777083 0.847685 0.302083 0.29537
4 0.719792 0.722685 0.207292 0.234259
2 0.617188 0.785648 0.116667 0.143519
2 0.560937 0.76713 0.070833 0.099074
3 0.536719 0.736111 0.059896 0.112963
2 0.510156 0.750926 0.032813 0.059259
3 0.5 0.710648 0.0625 0.119444
2 0.434375 0.740741 0.034375 0.055556
3 0.476302 0.719444 0.068229 0.053704
0 0.414583 0.733333 0.010417 0.042593
1 0.397396 0.727778 0.015625 0.037037
0 0.388021 0.731019 0.005208 0.039815
0 0.372656 0.730093 0.008854 0.041667
0 0.359635 0.728704 0.009896 0.042593
0 0.348438 0.727778 0.008333 0.044444
2 0.328646 0.722222 0.042708 0.035185
0 0.301563 0.724537 0.008333 0.04537
3 0.21276 0.691667 0.149479 0.083333
2 0.158333 0.701389 0.038542 0.032407
2 0.098958 0.695833 0.044792 0.037963
