2 0.963021 0.716667 0.072917 0.094444
0 0.72474 0.65787 0.009896 0.04537
2 0.589583 0.689352 0.18125 0.143519
2 0.48724 0.633796 0.007812 0.012037
3 0.419792 0.630093 0.023958 0.056481
2 0.407812 0.647222 0.023958 0.037037
1 0.404948 0.649074 0.011979 0.046296
2 0.384896 0.652315 0.034375 0.043519
0 0.382552 0.652778 0.019271 0.055556
2 0.35625 0.645833 0.025 0.043519
2 0.3375 0.651852 0.0375 0.042593
2 0.302083 0.645833 0.035417 0.049074
2 0.28099 0.652315 0.041146 0.041667
2 0.222396 0.650926 0.046875 0.044444
0 0.182812 0.651852 0.013542 0.055556
2 0.077083 0.672222 0.152083 0.242593
