0 0.933073 0.698611 0.017188 0.069444
0 0.913802 0.716667 0.019271 0.098148
0 0.894271 0.714815 0.020833 0.098148
0 0.879948 0.718981 0.022396 0.100926
0 0.86849 0.716204 0.014063 0.093519
0 0.852083 0.719444 0.017708 0.111111
0 0.832552 0.719444 0.021354 0.103704
2 0.758594 0.752778 0.198437 0.135185
2 0.670312 0.73287 0.11875 0.110185
0 0.633333 0.734259 0.026042 0.144444
2 0.420052 0.773611 0.199479 0.297222
2 0.275781 0.696296 0.083854 0.142593
2 0.247396 0.689352 0.051042 0.09537
2 0.22526 0.681944 0.042188 0.071296
3 0.192708 0.64213 0.060417 0.108333
3 0.138802 0.648148 0.053646 0.092593
2 0.14401 0.677315 0.056771 0.082407
1 0.089063 0.650463 0.0125 0.030556
2 0.061458 0.656481 0.032292 0.048148
2 0.040625 0.648611 0.014583 0.021296
2 0.035156 0.647222 0.011979 0.02037
2 0.013542 0.645833 0.013542 0.019444
2 0.023438 0.645833 0.008333 0.013889
