0 0.915885 0.70463 0.148438 0.590741
0 0.903906 0.624074 0.032813 0.211111
0 0.859896 0.633796 0.04375 0.202778
0 0.735938 0.65 0.059375 0.298148
0 0.699479 0.617593 0.035417 0.187037
0 0.664583 0.639352 0.039583 0.239815
0 0.623698 0.621759 0.027604 0.130556
0 0.602344 0.637037 0.014063 0.085185
0 0.588021 0.636574 0.03125 0.163889
0 0.552604 0.632407 0.023958 0.138889
0 0.548958 0.631481 0.019792 0.118519
0 0.510677 0.625463 0.015104 0.073148
0 0.504167 0.626852 0.016667 0.062963
2 0.47474 0.637963 0.044271 0.075926
2 0.453906 0.639815 0.075521 0.116667
0 0.414323 0.624537 0.011979 0.078704
0 0.390365 0.621759 0.013021 0.060185
2 0.39375 0.617593 0.007292 0.012963
2 0.358854 0.624074 0.022917 0.031481
0 0.365625 0.619907 0.008333 0.047222
2 0.340885 0.624074 0.015104 0.025926
2 0.330469 0.623148 0.022396 0.02963
0 0.30599 0.615741 0.019271 0.025926
0 0.288281 0.623611 0.015104 0.099074
0 0.217708 0.62037 0.014583 0.081481
0 0.032552 0.624537 0.020313 0.091667
0 0.167448 0.628241 0.011979 0.056481
