0 0.054427 0.819907 0.073438 0.360185
2 0.216146 0.643981 0.072917 0.10463
2 0.270833 0.656019 0.090625 0.132407
2 0.309896 0.689352 0.091667 0.149074
2 0.347396 0.625 0.058333 0.083333
2 0.458594 0.593056 0.055729 0.128704
2 0.50599 0.59213 0.030729 0.043519
2 0.539062 0.594907 0.033333 0.063889
2 0.584635 0.64213 0.079687 0.108333
1 0.788542 0.589352 0.045833 0.073148
0 0.030469 0.9125 0.060937 0.175
2 0.400781 0.593056 0.024479 0.036111
4 0.490885 0.568056 0.019271 0.050926
3 0.460417 0.546296 0.034375 0.075926
0 0.896875 0.573148 0.013542 0.053704
1 0.151302 0.640278 0.023438 0.060185
2 0.51224 0.580556 0.024479 0.044444
