2 0.116927 0.734722 0.232813 0.365741
2 0.215625 0.666204 0.053125 0.063889
2 0.489844 0.655093 0.036979 0.056481
2 0.443229 0.63287 0.0125 0.023148
2 0.388281 0.642593 0.019271 0.025926
2 0.372917 0.644907 0.021875 0.036111
1 0.38099 0.657407 0.028646 0.053704
0 0.268229 0.668519 0.013542 0.057407
0 0.252865 0.659722 0.011979 0.060185
0 0.283594 0.660648 0.014063 0.071296
0 0.302344 0.656019 0.009896 0.052778
2 0.567708 0.651389 0.022917 0.030556
2 0.553906 0.643981 0.020313 0.032407
1 0.591927 0.65787 0.015104 0.05463
3 0.682813 0.639352 0.102083 0.084259
0 0.826562 0.6625 0.013542 0.063889
2 0.788281 0.656481 0.078646 0.057407
0 0.955208 0.682407 0.016667 0.074074
0 0.90625 0.659722 0.009375 0.047222
0 0.884115 0.659259 0.009896 0.046296
