1 0.861979 0.748148 0.035417 0.090741
2 0.04974 0.806019 0.098437 0.234259
2 0.059375 0.725926 0.044792 0.092593
2 0.542708 0.735185 0.116667 0.092593
2 0.284375 0.718519 0.053125 0.042593
2 0.234896 0.72037 0.0625 0.061111
2 0.203646 0.706944 0.042708 0.071296
2 0.153385 0.72037 0.058854 0.083333
2 0.111719 0.696759 0.019271 0.025
2 0.099219 0.675926 0.009896 0.016667
3 0.139063 0.682407 0.019792 0.024074
3 0.120833 0.668056 0.010417 0.023148
3 0.084635 0.667593 0.011979 0.024074
2 0.035937 0.714815 0.036458 0.05
