2 0.964323 0.79213 0.071354 0.417593
0 0.666667 0.631481 0.011458 0.057407
2 0.619271 0.620833 0.077083 0.067593
2 0.590885 0.621759 0.057812 0.056481
0 0.520573 0.615741 0.008854 0.040741
2 0.403385 0.634259 0.092188 0.153704
2 0.31875 0.608333 0.022917 0.031481
1 0.29349 0.612963 0.014063 0.051852
2 0.298177 0.611111 0.028646 0.037037
1 0.247656 0.611574 0.029687 0.087963
2 0.234635 0.606481 0.060937 0.072222
0 0.165885 0.599074 0.010937 0.068519
1 0.109375 0.625 0.040625 0.146296
2 0.030208 0.614352 0.059375 0.15463
