2 0.335156 0.697222 0.123437 0.151852
2 0.247396 0.683333 0.090625 0.098148
2 0.221354 0.668056 0.069792 0.05463
2 0.11901 0.663426 0.092188 0.062037
2 0.107812 0.666667 0.079167 0.07037
1 0.061198 0.673148 0.025521 0.077778
1 0.015365 0.679167 0.029687 0.084259
0 0.040104 0.6625 0.011458 0.067593
2 0.685156 0.7 0.110937 0.131481
2 0.517708 0.668056 0.046875 0.069444
2 0.469531 0.658796 0.027604 0.041667
2 0.48099 0.65 0.021354 0.046296
2 0.578646 0.659259 0.058333 0.059259
2 0.410938 0.651389 0.023958 0.036111
2 0.444271 0.652778 0.0125 0.025926
4 0.542969 0.644907 0.020313 0.049074
2 0.898438 0.7875 0.198958 0.426852
1 0.814063 0.684722 0.05 0.113889
0 0.780208 0.681481 0.015625 0.116667
1 0.797656 0.675926 0.056771 0.114815
1 0.76276 0.666667 0.024479 0.048148
1 0.732292 0.6625 0.020833 0.049074
0 0.75026 0.662037 0.008854 0.051852
0 0.608854 0.660185 0.007292 0.044444
