1 0.016406 0.656019 0.025521 0.041667
0 0.111979 0.664815 0.013542 0.059259
1 0.223437 0.677315 0.019792 0.037963
1 0.398438 0.683796 0.01875 0.030556
2 0.394792 0.693981 0.033333 0.050926
2 0.374479 0.684259 0.019792 0.025926
2 0.472656 0.769907 0.188021 0.250926
1 0.333854 0.683333 0.021875 0.035185
2 0.723437 0.733333 0.071875 0.064815
1 0.736198 0.742593 0.035937 0.075926
1 0.764583 0.743981 0.034375 0.075
3 0.87474 0.729167 0.093229 0.067593
2 0.897917 0.728241 0.066667 0.069444
1 0.897135 0.744907 0.032813 0.056481
3 0.965365 0.718056 0.070312 0.086111
1 0.610417 0.712037 0.014583 0.037037
