2 0.733333 0.643519 0.055208 0.042593
2 0.079948 0.666204 0.159896 0.128704
2 0.20599 0.660185 0.111979 0.094444
2 0.286458 0.646296 0.071875 0.083333
2 0.333594 0.647222 0.048438 0.074074
2 0.37526 0.658333 0.082812 0.105556
3 0.398698 0.628241 0.030729 0.058333
2 0.480469 0.65 0.036979 0.053704
3 0.464062 0.615278 0.033333 0.067593
3 0.44375 0.626389 0.027083 0.047222
2 0.503646 0.643056 0.019792 0.036111
2 0.515625 0.640741 0.016667 0.027778
2 0.526042 0.636574 0.014583 0.021296
2 0.609115 0.646296 0.047396 0.035185
1 0.646875 0.64537 0.010417 0.033333
3 0.54974 0.633796 0.022396 0.043519
3 0.553906 0.619907 0.024479 0.056481
2 0.572135 0.634722 0.011979 0.017593
