2 0.014583 0.597685 0.030208 0.102778
2 0.034375 0.603241 0.070833 0.087963
2 0.06276 0.60463 0.086979 0.077778
2 0.084896 0.603704 0.096875 0.077778
2 0.123698 0.596296 0.089063 0.075926
2 0.169531 0.590278 0.089063 0.073148
2 0.263542 0.643981 0.139583 0.149074
1 0.367708 0.612963 0.010417 0.038889
1 0.38724 0.610648 0.014063 0.037963
2 0.413021 0.611574 0.025 0.032407
3 0.460938 0.579167 0.048958 0.102778
2 0.460417 0.619907 0.042708 0.065741
2 0.517969 0.621296 0.028646 0.038889
2 0.551562 0.62963 0.05 0.075926
