4 0.11224 0.613889 0.223437 0.12963
2 0.181771 0.643056 0.116667 0.087963
1 0.250521 0.645833 0.015625 0.049074
2 0.310156 0.644444 0.035937 0.048148
2 0.367969 0.653241 0.117188 0.100926
4 0.340885 0.621296 0.040104 0.074074
2 0.413802 0.637963 0.032813 0.055556
1 0.473958 0.744907 0.090625 0.393519
2 0.584896 0.639815 0.066667 0.055556
2 0.644531 0.652315 0.094271 0.058333
2 0.739062 0.726389 0.198958 0.241667
2 0.886458 0.737963 0.223958 0.516667
2 0.549219 0.646296 0.014063 0.024074
2 0.277083 0.644907 0.046875 0.04537
1 0.273698 0.643519 0.021354 0.05
2 0.482292 0.676389 0.096875 0.15463
