1 0.059375 0.684722 0.102083 0.156481
1 0.127344 0.678241 0.092188 0.152778
2 0.11224 0.641204 0.168229 0.137963
0 0.218229 0.668519 0.009375 0.042593
1 0.229427 0.666667 0.011979 0.035185
1 0.276302 0.664352 0.026562 0.049074
0 0.31224 0.663426 0.007812 0.049074
3 0.38099 0.650926 0.035937 0.068519
2 0.427604 0.660185 0.014583 0.027778
4 0.576042 0.6375 0.277083 0.132407
2 0.61224 0.676389 0.152604 0.106481
2 0.641146 0.671296 0.1125 0.07963
1 0.753125 0.711574 0.108333 0.162037
0 0.769271 0.671296 0.007292 0.044444
2 0.836458 0.684722 0.139583 0.071296
