0 0.07526 0.618056 0.015104 0.080556
0 0.083594 0.619444 0.010937 0.074074
0 0.098958 0.616204 0.007292 0.069444
0 0.105469 0.616204 0.007812 0.065741
0 0.130469 0.621759 0.011979 0.075
0 0.120833 0.63287 0.01875 0.084259
2 0.213021 0.656019 0.172917 0.208333
2 0.410938 0.728241 0.259375 0.378704
1 0.534375 0.625 0.016667 0.062963
0 0.553125 0.627778 0.014583 0.057407
1 0.583594 0.634259 0.019271 0.083333
2 0.592708 0.627315 0.071875 0.058333
0 0.688281 0.596759 0.007812 0.047222
1 0.717187 0.658796 0.042708 0.175
0 0.795312 0.609722 0.020833 0.097222
