2 0.175 0.628704 0.023958 0.031481
2 0.213021 0.630093 0.036458 0.036111
3 0.224219 0.620833 0.035937 0.034259
3 0.258073 0.604167 0.023438 0.041667
2 0.291146 0.615278 0.019792 0.023148
2 0.30026 0.611574 0.011979 0.019444
3 0.307552 0.601389 0.011979 0.030556
2 0.328906 0.60787 0.010937 0.015741
2 0.382292 0.62037 0.020833 0.02963
2 0.386198 0.609259 0.018229 0.033333
2 0.372135 0.638889 0.039062 0.055556
3 0.420833 0.598148 0.028125 0.05
3 0.44375 0.623611 0.051042 0.10463
3 0.483333 0.600463 0.040625 0.076852
3 0.597396 0.617593 0.2 0.22037
3 0.604167 0.618056 0.085417 0.09537
3 0.88125 0.630556 0.236458 0.461111
