1 0.048958 0.666204 0.038542 0.063889
0 0.080469 0.666667 0.008854 0.035185
0 0.088542 0.664815 0.008333 0.044444
0 0.135937 0.6625 0.009375 0.041667
0 0.142969 0.662037 0.008854 0.040741
1 0.155469 0.659259 0.016146 0.05
1 0.236979 0.661574 0.010417 0.036111
2 0.340625 0.690278 0.153125 0.176852
2 0.426563 0.654167 0.027083 0.034259
4 0.404427 0.643056 0.030729 0.05463
2 0.489844 0.649537 0.010937 0.015741
2 0.502865 0.649074 0.010937 0.016667
2 0.5125 0.649537 0.015625 0.023148
3 0.796875 0.631481 0.135417 0.1
1 0.886979 0.696296 0.06875 0.140741
2 0.953385 0.656944 0.092188 0.05463
2 0.98125 0.656019 0.036458 0.050926
2 0.440885 0.652315 0.013021 0.023148
3 0.896615 0.627778 0.117188 0.107407
