2 0.966406 0.643981 0.066146 0.069444
0 0.864062 0.648611 0.015625 0.071296
2 0.860417 0.655556 0.084375 0.066667
1 0.800781 0.676852 0.047396 0.133333
1 0.752604 0.664352 0.026042 0.086111
2 0.53776 0.686574 0.088021 0.106481
2 0.490625 0.660648 0.027083 0.05463
4 0.498958 0.645833 0.045833 0.073148
2 0.459115 0.660185 0.020313 0.031481
2 0.442448 0.664352 0.024479 0.04537
2 0.420833 0.66713 0.040625 0.067593
2 0.38151 0.669444 0.028646 0.035185
2 0.334896 0.674537 0.051042 0.084259
2 0.007812 0.718056 0.015625 0.10463
