2 0.129948 0.786111 0.259896 0.42963
2 0.392969 0.880093 0.415104 0.239815
1 0.803646 0.836574 0.104167 0.308333
1 0.794271 0.744907 0.06875 0.202778
1 0.857292 0.74537 0.059375 0.198148
1 0.74401 0.705093 0.064062 0.160185
3 0.728646 0.627315 0.204167 0.136111
3 0.246354 0.568981 0.14375 0.206481
1 0.51224 0.62963 0.018229 0.07037
1 0.566927 0.629167 0.022396 0.069444
2 0.953385 0.676389 0.092188 0.110185
3 0.384375 0.583333 0.042708 0.105556
1 0.216146 0.659259 0.060417 0.111111
3 0.441927 0.585648 0.025521 0.060185
4 0.415885 0.586111 0.022396 0.05
