5 0.013021 0.695833 0.025 0.112037
0 0.0125 0.635648 0.011458 0.071296
2 0.051823 0.676852 0.104688 0.103704
2 0.044531 0.641667 0.086979 0.083333
2 0.105469 0.64213 0.081771 0.084259
2 0.144271 0.77963 0.229167 0.246296
1 0.227604 0.662963 0.029167 0.072222
1 0.197135 0.632407 0.014063 0.046296
0 0.295573 0.640278 0.011979 0.078704
2 0.359635 0.624074 0.029687 0.055556
3 0.388281 0.611111 0.059896 0.125926
2 0.41849 0.606944 0.009896 0.021296
2 0.423958 0.60463 0.010417 0.02037
2 0.460156 0.598148 0.009896 0.016667
4 0.465365 0.5875 0.009896 0.017593
2 0.449479 0.603704 0.0125 0.018519
2 0.481771 0.599537 0.010417 0.021296
2 0.474219 0.618519 0.026562 0.038889
2 0.463802 0.642593 0.043229 0.062963
2 0.572396 0.601852 0.036458 0.027778
2 0.586719 0.60787 0.048438 0.028704
2 0.616667 0.610185 0.051042 0.040741
2 0.642188 0.613426 0.059375 0.039815
3 0.688802 0.587037 0.097396 0.146296
