2 0.280208 0.650463 0.040625 0.04537
2 0.302865 0.644444 0.032813 0.05
2 0.336198 0.651389 0.039062 0.04537
2 0.354948 0.64537 0.026562 0.040741
2 0.383333 0.653704 0.032292 0.044444
1 0.404687 0.648148 0.0125 0.042593
2 0.4125 0.642593 0.021875 0.038889
3 0.420833 0.626852 0.025 0.053704
2 0.486198 0.649074 0.025521 0.035185
2 0.497396 0.646759 0.015625 0.026852
4 0.513281 0.628704 0.021354 0.031481
2 0.542188 0.646296 0.01875 0.027778
0 0.61276 0.658333 0.010937 0.038889
1 0.68724 0.668056 0.017188 0.056481
1 0.734635 0.691667 0.029687 0.090741
0 0.796615 0.673611 0.015104 0.073148
1 0.940365 0.718056 0.044271 0.136111
1 0.985417 0.70787 0.030208 0.058333
