5 0.101302 0.720833 0.067187 0.128704
1 0.240104 0.700463 0.025 0.065741
2 0.286198 0.737963 0.157812 0.157407
2 0.388021 0.71713 0.0875 0.106481
4 0.439583 0.656944 0.098958 0.162037
1 0.491667 0.688426 0.010417 0.04537
2 0.510938 0.679167 0.019792 0.023148
2 0.559635 0.693519 0.051562 0.107407
2 0.590625 0.681481 0.022917 0.035185
2 0.68724 0.694907 0.042188 0.062037
2 0.709115 0.701852 0.054688 0.062963
2 0.766406 0.684722 0.048438 0.058333
2 0.838802 0.72037 0.107812 0.125926
2 0.934896 0.72037 0.130208 0.337037
