1 0.108854 0.640741 0.028125 0.064815
1 0.170313 0.641667 0.022917 0.068519
3 0.446354 0.532407 0.073958 0.025926
2 0.538542 0.621759 0.009375 0.015741
2 0.552344 0.624537 0.008854 0.013889
2 0.543229 0.627778 0.014583 0.02037
2 0.529167 0.623148 0.0125 0.02037
3 0.51276 0.615741 0.011979 0.027778
2 0.511198 0.623148 0.010937 0.016667
0 0.586458 0.633796 0.010417 0.050926
4 0.44375 0.609259 0.038542 0.072222
2 0.665365 0.630556 0.055729 0.040741
2 0.729688 0.628241 0.053125 0.041667
0 0.761979 0.626389 0.009375 0.043519
0 0.791927 0.647222 0.017188 0.07963
3 0.910937 0.595833 0.178125 0.191667
