1 0.030208 0.685185 0.027083 0.087037
2 0.204427 0.659722 0.035937 0.039815
2 0.236979 0.64537 0.044792 0.048148
2 0.308073 0.6625 0.049479 0.056481
2 0.38776 0.634722 0.042188 0.037963
2 0.350521 0.639352 0.033333 0.030556
3 0.348177 0.624074 0.073438 0.048148
1 0.463802 0.630556 0.017188 0.031481
2 0.509896 0.647222 0.036458 0.040741
2 0.539062 0.649537 0.041667 0.04537
2 0.577604 0.641667 0.030208 0.027778
2 0.636198 0.629167 0.020313 0.021296
3 0.641667 0.612037 0.03125 0.037037
2 0.603906 0.628704 0.014063 0.016667
3 0.546875 0.62037 0.034375 0.048148
2 0.271094 0.65 0.032813 0.033333
2 0.30026 0.631481 0.030729 0.033333
2 0.590885 0.624537 0.014063 0.019444
2 0.502604 0.622685 0.009375 0.013889
