2 0.545573 0.673611 0.124479 0.143519
2 0.16276 0.646296 0.060937 0.096296
2 0.114062 0.662963 0.086458 0.105556
2 0.048698 0.67963 0.097396 0.148148
2 0.38724 0.626389 0.014063 0.025
2 0.36875 0.627315 0.016667 0.026852
2 0.33151 0.625926 0.009896 0.016667
2 0.314323 0.627315 0.009896 0.013889
2 0.296875 0.63287 0.01875 0.023148
1 0.478385 0.630093 0.007812 0.026852
0 0.459896 0.627315 0.005208 0.028704
0 0.746615 0.646759 0.032813 0.126852
1 0.82474 0.668056 0.035937 0.115741
1 0.810417 0.658796 0.035417 0.097222
1 0.971354 0.67963 0.057292 0.140741
