0 0.217708 0.656481 0.0125 0.061111
1 0.238802 0.65787 0.015104 0.052778
1 0.285417 0.655556 0.0125 0.044444
2 0.341927 0.668056 0.066146 0.093519
2 0.414844 0.6625 0.041146 0.049074
2 0.460156 0.653241 0.018229 0.023148
2 0.438021 0.653241 0.011458 0.017593
2 0.49375 0.672685 0.053125 0.080556
2 0.530208 0.655556 0.020833 0.035185
2 0.552344 0.661111 0.043229 0.064815
1 0.623698 0.661111 0.013021 0.048148
1 0.63099 0.660185 0.009896 0.044444
1 0.689323 0.673148 0.013021 0.057407
0 0.761458 0.675 0.010417 0.061111
0 0.80651 0.68287 0.014063 0.071296
0 0.860156 0.680093 0.016146 0.089815
1 0.88125 0.686574 0.038542 0.097222
2 0.954948 0.674537 0.089063 0.112037
