0 0.399219 0.716204 0.140104 0.260185
2 0.38724 0.69213 0.331771 0.24537
0 0.708854 0.75463 0.075 0.244444
0 0.71276 0.714352 0.078646 0.287963
0 0.877604 0.739815 0.036458 0.185185
0 0.903906 0.718981 0.057812 0.243519
0 0.965104 0.759722 0.040625 0.230556
0 0.983073 0.720833 0.032813 0.325
0 0.555208 0.666204 0.015625 0.097222
0 0.590625 0.673611 0.025 0.091667
0 0.654687 0.68287 0.029167 0.108333
2 0.617448 0.660648 0.031771 0.047222
2 0.307552 0.661111 0.048438 0.07037
0 0.219792 0.678704 0.017708 0.081481
0 0.221094 0.672685 0.017188 0.091667
0 0.138802 0.726852 0.049479 0.224074
0 0.120313 0.70787 0.059375 0.275
0 0.095573 0.692593 0.021354 0.114815
0 0.014583 0.716667 0.027083 0.188889
0 0.052865 0.696759 0.039062 0.202778
0 0.021875 0.692593 0.01875 0.166667
0 0.785937 0.699074 0.021875 0.07037
0 0.827604 0.688889 0.020833 0.098148
