2 0.189844 0.65787 0.095312 0.086111
2 0.267448 0.644444 0.059896 0.072222
4 0.290885 0.630556 0.080729 0.057407
2 0.364583 0.646759 0.045833 0.052778
0 0.439323 0.6375 0.005729 0.025
4 0.419792 0.626852 0.021875 0.044444
0 0.411719 0.636111 0.005729 0.025926
2 0.452083 0.640741 0.022917 0.031481
0 0.444792 0.469907 0.00625 0.034259
0 0.470052 0.473148 0.007812 0.040741
3 0.496875 0.623611 0.032292 0.075
2 0.495052 0.612037 0.027604 0.048148
2 0.525521 0.642593 0.016667 0.033333
2 0.53125 0.643519 0.019792 0.035185
2 0.541667 0.644907 0.029167 0.049074
3 0.575781 0.625463 0.038021 0.078704
3 0.651042 0.622685 0.1125 0.063889
0 0.69974 0.647222 0.006771 0.035185
0 0.748177 0.650926 0.008854 0.044444
0 0.835417 0.585185 0.009375 0.046296
0 0.820312 0.598611 0.009375 0.04537
0 0.813802 0.581944 0.010937 0.04537
0 0.833333 0.653704 0.009375 0.051852
0 0.840365 0.659259 0.013021 0.059259
0 0.909635 0.6625 0.014063 0.071296
0 0.922135 0.666204 0.016146 0.089815
0 0.929688 0.673148 0.016667 0.088889
0 0.946094 0.676852 0.016146 0.081481
0 0.964583 0.676852 0.016667 0.092593
0 0.975521 0.673148 0.017708 0.101852
0 0.990104 0.671296 0.01875 0.107407
0 0.941406 0.661111 0.014063 0.075926
3 0.792448 0.650463 0.081771 0.067593
