1 0.154167 0.63287 0.020833 0.050926
1 0.227083 0.633333 0.0125 0.042593
3 0.369271 0.609722 0.01875 0.041667
2 0.346615 0.615278 0.021354 0.015741
2 0.385937 0.6125 0.014583 0.025
2 0.404427 0.61713 0.010937 0.013889
2 0.424219 0.619907 0.015104 0.021296
2 0.459115 0.626389 0.023438 0.034259
4 0.465104 0.609722 0.016667 0.030556
2 0.568229 0.638889 0.047917 0.072222
0 0.63776 0.624537 0.006771 0.034259
0 0.619271 0.626389 0.008333 0.032407
0 0.770573 0.630556 0.007812 0.040741
0 0.7 0.629167 0.007292 0.037963
0 0.809896 0.68287 0.033333 0.226852
0 0.98151 0.650463 0.017188 0.10463
0 0.903646 0.641204 0.008333 0.080556
2 0.444792 0.614352 0.011458 0.019444
