2 0.466927 0.762963 0.288021 0.403704
2 0.279427 0.630093 0.040104 0.037963
2 0.227344 0.643056 0.066146 0.036111
2 0.172396 0.64213 0.054167 0.034259
5 0.189844 0.644907 0.023438 0.062037
2 0.119792 0.643981 0.041667 0.039815
2 0.096615 0.644907 0.064062 0.04537
2 0.064062 0.648148 0.055208 0.046296
1 0.052344 0.668056 0.034896 0.093519
2 0.02526 0.651389 0.050521 0.043519
2 0.667708 0.630093 0.036458 0.028704
2 0.636719 0.626852 0.028646 0.02037
1 0.636979 0.628704 0.009375 0.033333
2 0.738281 0.675 0.148438 0.166667
1 0.880729 0.648611 0.032292 0.100926
1 0.223698 0.647685 0.021354 0.062037
