0 0.982812 0.686574 0.023958 0.123148
2 0.853646 0.743519 0.194792 0.214815
2 0.767708 0.696759 0.1 0.158333
2 0.62526 0.710648 0.151562 0.256481
2 0.977604 0.872685 0.04375 0.256481
1 0.077344 0.687037 0.048438 0.098148
1 0.135156 0.68287 0.021354 0.076852
0 0.129948 0.66713 0.014063 0.071296
0 0.154427 0.671296 0.013021 0.072222
1 0.222656 0.674537 0.017188 0.084259
2 0.224479 0.677315 0.096875 0.065741
1 0.322396 0.674074 0.016667 0.053704
1 0.314063 0.67037 0.0125 0.053704
1 0.298438 0.673611 0.0125 0.058333
1 0.285938 0.672685 0.015625 0.062037
0 0.250521 0.653704 0.008333 0.046296
2 0.434896 0.67037 0.04375 0.046296
2 0.463021 0.665741 0.032292 0.042593
2 0.500521 0.66713 0.036458 0.052778
2 0.486979 0.66713 0.020833 0.034259
1 0.528906 0.672222 0.036979 0.07037
2 0.538542 0.662963 0.021875 0.040741
2 0.553385 0.663426 0.022396 0.030556
