2 0.25026 0.660185 0.083854 0.087037
2 0.425 0.632407 0.0375 0.059259
2 0.395313 0.634259 0.03125 0.044444
2 0.452083 0.625463 0.013542 0.019444
2 0.496354 0.627315 0.026042 0.039815
2 0.517188 0.619907 0.009375 0.013889
2 0.534375 0.628704 0.01875 0.02963
1 0.808073 0.632407 0.027604 0.066667
2 0.96875 0.647685 0.0625 0.073148
2 0.813802 0.633333 0.095312 0.057407
2 0.759635 0.62963 0.071354 0.05
2 0.938542 0.637963 0.114583 0.072222
2 0.471354 0.622222 0.008333 0.012963
2 0.461198 0.623148 0.010937 0.018519
