1 0.927344 0.622222 0.034896 0.077778
2 0.817448 0.616204 0.107812 0.056481
1 0.705469 0.661574 0.052604 0.162037
2 0.621615 0.602778 0.075521 0.055556
1 0.577604 0.621759 0.022917 0.093519
2 0.690104 0.609259 0.048958 0.025926
2 0.484896 0.593519 0.064583 0.046296
1 0.417448 0.595833 0.026562 0.050926
2 0.384375 0.591204 0.045833 0.039815
3 0.346094 0.572685 0.022396 0.050926
2 0.329688 0.584259 0.016667 0.031481
2 0.338281 0.585185 0.024479 0.033333
2 0.191406 0.623611 0.171354 0.184259
2 0.075521 0.585185 0.139583 0.157407
