2 0.134896 0.828704 0.26875 0.337037
2 0.120313 0.672222 0.044792 0.07037
3 0.197656 0.654167 0.023438 0.04537
2 0.21224 0.667593 0.020313 0.031481
4 0.220312 0.659259 0.008333 0.022222
4 0.260417 0.650926 0.041667 0.088889
0 0.258854 0.685648 0.025 0.10463
0 0.317708 0.678241 0.017708 0.071296
0 0.351823 0.681481 0.027604 0.183333
1 0.388281 0.678704 0.017188 0.064815
2 0.498437 0.660648 0.058333 0.065741
2 0.508594 0.66713 0.063021 0.058333
2 0.526042 0.668519 0.076042 0.055556
2 0.540104 0.671759 0.078125 0.056481
2 0.576562 0.665741 0.078125 0.074074
2 0.630469 0.669444 0.117188 0.112963
2 0.71849 0.716667 0.339062 0.222222
2 0.813542 0.659259 0.157292 0.116667
2 0.904167 0.654167 0.105208 0.087963
1 0.928385 0.72037 0.143229 0.516667
