1 0.014063 0.678704 0.027083 0.090741
2 0.110677 0.693981 0.163021 0.149074
0 0.18776 0.65463 0.013021 0.074074
1 0.330729 0.644907 0.011458 0.034259
1 0.317448 0.648148 0.008854 0.031481
0 0.275 0.645833 0.005208 0.025
2 0.698177 0.677315 0.141146 0.175
2 0.585938 0.651389 0.055208 0.084259
2 0.539583 0.625926 0.026042 0.059259
2 0.553906 0.643519 0.023438 0.037037
2 0.563021 0.646296 0.028125 0.048148
2 0.519792 0.643056 0.030208 0.04537
2 0.495833 0.64537 0.034375 0.05
2 0.463281 0.633333 0.014063 0.022222
2 0.429167 0.630556 0.009375 0.018519
3 0.439062 0.624074 0.019792 0.044444
4 0.384635 0.620833 0.056771 0.097222
