2 0.09401 0.664352 0.153646 0.128704
2 0.085156 0.703704 0.115104 0.1
0 0.098177 0.690741 0.027604 0.118519
0 0.115104 0.690278 0.019792 0.117593
0 0.129167 0.688889 0.023958 0.118519
0 0.145833 0.685185 0.017708 0.112963
2 0.215885 0.686574 0.090104 0.075
2 0.25 0.680556 0.045833 0.048148
2 0.335677 0.669444 0.047396 0.031481
2 0.378906 0.668981 0.057812 0.034259
2 0.410677 0.666204 0.040104 0.030556
2 0.453906 0.706481 0.092188 0.153704
2 0.561719 0.775463 0.256771 0.363889
2 0.872135 0.652315 0.072396 0.050926
2 0.771354 0.655093 0.072917 0.050926
