2 0.408333 0.755093 0.26875 0.289815
2 0.50651 0.692593 0.054688 0.105556
2 0.564844 0.689352 0.056771 0.091667
2 0.584896 0.669444 0.054167 0.033333
1 0.645573 0.707407 0.041146 0.148148
1 0.686979 0.69537 0.035417 0.157407
2 0.689583 0.6625 0.057292 0.047222
0 0.754948 0.665741 0.016146 0.075926
2 0.053125 0.773611 0.10625 0.350926
2 0.057812 0.685185 0.104167 0.144444
2 0.096094 0.690741 0.100521 0.107407
2 0.11901 0.697685 0.106771 0.093519
2 0.220052 0.685185 0.115104 0.085185
2 0.252604 0.686111 0.104167 0.083333
2 0.295312 0.676389 0.064583 0.056481
