2 0.376563 0.643056 0.023958 0.037963
2 0.427865 0.640741 0.016146 0.022222
4 0.438802 0.62963 0.022396 0.02037
4 0.467969 0.628704 0.036979 0.087037
1 0.49349 0.644907 0.007812 0.026852
0 0.526042 0.651852 0.010417 0.046296
1 0.507292 0.646759 0.010417 0.039815
2 0.946875 0.796759 0.10625 0.267593
2 0.731771 0.69213 0.152083 0.187963
2 0.661198 0.679167 0.086979 0.123148
2 0.627083 0.674537 0.060417 0.084259
2 0.579427 0.663889 0.043229 0.055556
2 0.563281 0.660185 0.026562 0.048148
2 0.549479 0.651852 0.035417 0.048148
