2 0.057031 0.837963 0.113021 0.318519
1 0.06276 0.690278 0.019271 0.075
1 0.092448 0.688889 0.019271 0.07963
1 0.116146 0.693056 0.022917 0.069444
1 0.161979 0.690741 0.01875 0.059259
4 0.261198 0.666667 0.095312 0.122222
2 0.284896 0.703241 0.058333 0.067593
2 0.347396 0.693981 0.03125 0.04537
4 0.372656 0.676389 0.034896 0.067593
2 0.397135 0.674074 0.023438 0.053704
2 0.420833 0.693981 0.044792 0.065741
3 0.45651 0.685648 0.018229 0.034259
1 0.727865 0.734722 0.044271 0.158333
1 0.71875 0.725463 0.038542 0.112037
1 0.959896 0.761111 0.077083 0.218519
