2 0.095052 0.733796 0.190104 0.182407
2 0.160156 0.785648 0.257812 0.256481
2 0.208854 0.677315 0.098958 0.123148
2 0.278385 0.671296 0.074479 0.090741
0 0.123698 0.648148 0.019271 0.087037
0 0.180469 0.649074 0.021354 0.105556
0 0.276042 0.63287 0.014583 0.062037
2 0.321094 0.65 0.053646 0.088889
2 0.350781 0.641667 0.036979 0.072222
2 0.383073 0.662037 0.067187 0.085185
2 0.392188 0.619444 0.030208 0.042593
2 0.442708 0.618981 0.046875 0.034259
1 0.468229 0.619907 0.011458 0.041667
2 0.503646 0.610185 0.029167 0.024074
2 0.543229 0.617593 0.038542 0.031481
3 0.74974 0.622222 0.149479 0.096296
2 0.511719 0.825926 0.361979 0.340741
