0 0.920052 0.631019 0.124479 0.086111
0 0.851823 0.619444 0.014063 0.062963
0 0.758594 0.738889 0.050521 0.316667
0 0.665104 0.680093 0.123958 0.406481
2 0.653385 0.638426 0.138021 0.086111
2 0.526042 0.646759 0.182292 0.184259
2 0.440104 0.614352 0.009375 0.013889
2 0.425781 0.618056 0.019271 0.028704
2 0.301823 0.679167 0.272396 0.230556
2 0.164062 0.607407 0.061458 0.051852
0 0.176563 0.616204 0.011458 0.05463
1 0.289844 0.740278 0.211979 0.358333
0 0.072656 0.741667 0.063021 0.298148
0 0.017188 0.75 0.033333 0.401852
