2 0.103125 0.654167 0.205208 0.262037
2 0.223958 0.652778 0.104167 0.153704
2 0.311198 0.646759 0.060937 0.087963
2 0.342969 0.646296 0.044271 0.062963
2 0.397656 0.633796 0.024479 0.036111
2 0.464323 0.634259 0.080729 0.057407
1 0.49974 0.640741 0.015104 0.068519
1 0.523698 0.634722 0.011979 0.04537
0 0.588802 0.631481 0.017188 0.098148
0 0.634896 0.625926 0.014583 0.077778
0 0.685156 0.673148 0.048438 0.240741
1 0.717708 0.624537 0.019792 0.093519
0 0.757552 0.677778 0.050521 0.261111
2 0.41875 0.630556 0.016667 0.025926
