0 0.008854 0.609259 0.017708 0.162963
2 0.065625 0.601389 0.08125 0.078704
0 0.096354 0.593056 0.026042 0.087963
0 0.126562 0.602315 0.01875 0.078704
2 0.140625 0.600926 0.0625 0.055556
2 0.178125 0.598148 0.047917 0.059259
2 0.203385 0.594907 0.042188 0.05463
3 0.207552 0.556481 0.072396 0.046296
1 0.395052 0.607407 0.017188 0.05
2 0.386719 0.591667 0.054688 0.040741
0 0.346094 0.590278 0.009896 0.041667
2 0.51224 0.668519 0.156771 0.261111
2 0.586198 0.608796 0.034896 0.036111
1 0.736458 0.655093 0.045833 0.113889
