1 0.01276 0.613426 0.026562 0.04537
0 0.110417 0.614815 0.015625 0.085185
1 0.169531 0.631944 0.035937 0.102778
2 0.122656 0.615741 0.081771 0.062963
1 0.234635 0.624074 0.032813 0.048148
2 0.299479 0.61713 0.102083 0.075
0 0.360677 0.619907 0.016146 0.106481
1 0.432812 0.628241 0.064583 0.099074
2 0.428646 0.625 0.090625 0.081481
2 0.545312 0.68287 0.1375 0.200926
5 0.747656 0.662037 0.077604 0.205556
0 0.814844 0.646296 0.035937 0.153704
2 0.961458 0.637037 0.077083 0.074074
2 0.943229 0.634259 0.109375 0.064815
