2 0.829427 0.66713 0.179688 0.115741
2 0.761458 0.660648 0.114583 0.071296
2 0.5625 0.658333 0.136458 0.07963
2 0.490104 0.646296 0.0125 0.02037
2 0.469531 0.647222 0.014063 0.02037
2 0.447917 0.647685 0.029167 0.043519
2 0.40599 0.650463 0.098437 0.073148
2 0.353906 0.64213 0.030729 0.043519
2 0.305729 0.656481 0.158333 0.088889
1 0.208594 0.655093 0.019271 0.047222
1 0.077344 0.650463 0.030729 0.052778
0 0.058854 0.653241 0.0125 0.058333
1 0.028906 0.656019 0.036979 0.056481
0 0.05651 0.647222 0.010937 0.055556
