0 0.015365 0.68287 0.028646 0.117593
1 0.080469 0.690278 0.036979 0.121296
1 0.117969 0.678241 0.025521 0.091667
1 0.17474 0.691204 0.049479 0.137963
0 0.204948 0.676389 0.020313 0.091667
2 0.258333 0.650463 0.036458 0.05463
2 0.334635 0.66713 0.049479 0.075
0 0.29349 0.690278 0.047396 0.171296
0 0.353646 0.68287 0.048958 0.178704
0 0.382031 0.691204 0.035937 0.165741
0 0.409115 0.713889 0.038021 0.111111
0 0.409375 0.689815 0.038542 0.159259
0 0.4375 0.67963 0.013542 0.087037
0 0.447656 0.675926 0.025521 0.096296
0 0.556771 0.684259 0.026042 0.074074
0 0.551042 0.673611 0.016667 0.097222
2 0.629427 0.662037 0.034896 0.061111
0 0.673698 0.766204 0.052604 0.256481
0 0.688281 0.737037 0.059896 0.294444
0 0.947135 0.741667 0.033854 0.214815
0 0.965104 0.724074 0.040625 0.238889
0 0.840365 0.679167 0.015104 0.084259
2 0.304427 0.660185 0.055729 0.066667
2 0.372917 0.66713 0.036458 0.058333
2 0.61849 0.661111 0.029687 0.048148
