2 0.222917 0.689815 0.135417 0.192593
0 0.113802 0.650926 0.013021 0.07037
0 0.129948 0.65 0.011979 0.064815
2 0.332031 0.659259 0.055729 0.061111
2 0.35625 0.65 0.034375 0.048148
2 0.397396 0.649537 0.029167 0.037963
2 0.378385 0.643519 0.027604 0.042593
2 0.413542 0.648148 0.021875 0.02963
2 0.426042 0.646296 0.017708 0.025926
2 0.460938 0.64537 0.019792 0.027778
2 0.483073 0.649537 0.038021 0.056481
2 0.53099 0.674074 0.067187 0.098148
2 0.557031 0.656019 0.042188 0.078704
0 0.708594 0.67037 0.023438 0.107407
1 0.78724 0.655556 0.014063 0.055556
0 0.811458 0.638426 0.01875 0.080556
0 0.847656 0.644907 0.019271 0.093519
0 0.752344 0.640741 0.011979 0.055556
0 0.645312 0.631944 0.011458 0.047222
1 0.655208 0.651389 0.014583 0.058333
