2 0.94401 0.693056 0.102604 0.058333
2 0.842187 0.6875 0.089583 0.05463
1 0.771615 0.749537 0.089063 0.258333
4 0.615365 0.651852 0.255729 0.142593
1 0.474219 0.690278 0.052604 0.089815
2 0.439062 0.67037 0.019792 0.035185
3 0.396094 0.65787 0.029687 0.065741
2 0.357292 0.677778 0.023958 0.027778
1 0.284115 0.698611 0.044271 0.180556
1 0.136719 0.727315 0.223437 0.380556
2 0.227344 0.673148 0.107812 0.072222
2 0.191927 0.683333 0.133854 0.068519
2 0.132552 0.672685 0.096354 0.067593
4 0.032031 0.647685 0.063021 0.123148
