2 0.025 0.69537 0.05 0.109259
2 0.108594 0.699074 0.083854 0.085185
2 0.136198 0.69213 0.047396 0.063889
2 0.16901 0.686574 0.042188 0.065741
0 0.197396 0.684259 0.013542 0.064815
2 0.202865 0.689815 0.030729 0.05
2 0.218229 0.687963 0.028125 0.044444
0 0.244792 0.680093 0.008333 0.050926
2 0.234375 0.685648 0.022917 0.039815
2 0.264062 0.675926 0.033333 0.048148
2 0.284115 0.681944 0.036979 0.04537
2 0.332813 0.687037 0.04375 0.068519
2 0.363542 0.673611 0.028125 0.041667
2 0.38724 0.672222 0.024479 0.022222
1 0.407812 0.700463 0.028125 0.108333
1 0.423177 0.677778 0.011979 0.038889
0 0.491406 0.671759 0.027604 0.126852
0 0.551823 0.668056 0.023438 0.125
0 0.566667 0.674537 0.020833 0.108333
0 0.654167 0.674074 0.027083 0.148148
0 0.530208 0.665741 0.017708 0.098148
0 0.615885 0.686111 0.024479 0.105556
0 0.605208 0.682407 0.021875 0.096296
