0 0.006771 0.700926 0.007292 0.044444
0 0.022917 0.709259 0.011458 0.046296
1 0.065885 0.710648 0.022396 0.04537
2 0.108854 0.725463 0.111458 0.113889
1 0.170833 0.71713 0.015625 0.047222
1 0.200781 0.72037 0.014063 0.040741
1 0.207552 0.719444 0.016146 0.044444
0 0.232813 0.713889 0.007292 0.037037
0 0.252865 0.711574 0.006771 0.028704
2 0.26849 0.724537 0.039062 0.04537
2 0.292708 0.724074 0.029167 0.037037
2 0.322917 0.724537 0.03125 0.041667
2 0.35599 0.735648 0.066146 0.087963
4 0.388021 0.700926 0.039583 0.081481
2 0.407031 0.724537 0.017188 0.026852
2 0.420052 0.723148 0.010937 0.018519
2 0.433333 0.724537 0.01875 0.034259
2 0.44401 0.716667 0.026562 0.033333
2 0.445833 0.722222 0.0125 0.018519
4 0.469792 0.706019 0.045833 0.097222
1 0.520573 0.728241 0.008854 0.028704
1 0.509896 0.725 0.008333 0.02963
0 0.600781 0.722222 0.007812 0.033333
0 0.665365 0.725926 0.009896 0.048148
0 0.694792 0.726852 0.011458 0.046296
0 0.719271 0.728704 0.0125 0.048148
1 0.772656 0.736574 0.022396 0.067593
1 0.821875 0.744444 0.05 0.092593
1 0.807812 0.7375 0.040625 0.080556
1 0.78776 0.726852 0.020313 0.046296
