2 0.64375 0.466204 0.053125 0.058333
2 0.619792 0.462963 0.046875 0.051852
2 0.582031 0.442593 0.039062 0.053704
3 0.510677 0.435648 0.097396 0.20463
2 0.424219 0.434722 0.008854 0.013889
2 0.416146 0.439352 0.013542 0.021296
4 0.40625 0.431944 0.019792 0.032407
3 0.396875 0.42963 0.022917 0.038889
2 0.376302 0.452778 0.025521 0.037037
2 0.393229 0.45 0.017708 0.027778
2 0.358854 0.457407 0.035417 0.064815
2 0.332552 0.465741 0.041146 0.059259
2 0.308594 0.481944 0.055729 0.069444
2 0.270833 0.490741 0.076042 0.098148
2 0.206771 0.515278 0.123958 0.141667
1 0.164844 0.474537 0.016146 0.058333
1 0.065365 0.492593 0.026562 0.07037
