4 0.780729 0.674074 0.436458 0.633333
4 0.473177 0.752778 0.013021 0.024074
4 0.460156 0.73287 0.010937 0.023148
2 0.45 0.752778 0.014583 0.025926
4 0.445573 0.759259 0.018229 0.02963
4 0.438542 0.727778 0.009375 0.018519
2 0.415104 0.749537 0.013542 0.023148
4 0.400521 0.734722 0.015625 0.030556
2 0.405469 0.753704 0.017188 0.031481
2 0.397656 0.757407 0.022396 0.033333
4 0.384115 0.732407 0.026562 0.048148
2 0.382812 0.758333 0.027083 0.046296
2 0.370573 0.7625 0.035937 0.050926
2 0.348698 0.766204 0.041146 0.056481
2 0.314323 0.776389 0.065104 0.099074
2 0.251042 0.787963 0.105208 0.127778
2 0.209375 0.761111 0.069792 0.085185
2 0.095312 0.813426 0.189583 0.237963
