0 0.040365 0.658333 0.020313 0.074074
3 0.106771 0.63287 0.042708 0.032407
2 0.126042 0.631944 0.047917 0.021296
2 0.169792 0.630556 0.040625 0.031481
3 0.235937 0.615741 0.0375 0.02963
0 0.223698 0.65 0.021354 0.064815
2 0.30625 0.644907 0.047917 0.052778
4 0.341146 0.612963 0.073958 0.094444
2 0.380208 0.637963 0.040625 0.051852
2 0.39974 0.628241 0.035937 0.05463
2 0.417708 0.62963 0.021875 0.035185
2 0.428385 0.622222 0.024479 0.042593
2 0.445833 0.618519 0.021875 0.037037
2 0.457813 0.620833 0.011458 0.023148
3 0.464062 0.606944 0.022917 0.043519
1 0.6125 0.631944 0.016667 0.062037
