2 0.867969 0.822685 0.263021 0.350926
2 0.834115 0.684722 0.160938 0.132407
3 0.352865 0.564815 0.121354 0.064815
3 0.545052 0.581944 0.056771 0.119444
3 0.50625 0.571759 0.020833 0.056481
2 0.479427 0.576389 0.011979 0.021296
2 0.461979 0.584722 0.023958 0.030556
1 0.745833 0.605556 0.014583 0.055556
1 0.733073 0.596759 0.014063 0.052778
1 0.771615 0.6125 0.023438 0.056481
1 0.790104 0.613426 0.020833 0.063889
1 0.684635 0.597685 0.013021 0.047222
1 0.6625 0.594907 0.013542 0.043519
2 0.44349 0.580556 0.025521 0.02963
