2 0.930729 0.82037 0.139583 0.359259
2 0.805469 0.735185 0.260937 0.261111
2 0.661979 0.631944 0.15 0.260185
2 0.595052 0.672685 0.071354 0.102778
2 0.543229 0.657407 0.061458 0.081481
3 0.517969 0.62037 0.057812 0.131481
2 0.455208 0.67963 0.1375 0.216667
4 0.355469 0.618519 0.033854 0.048148
2 0.380469 0.631481 0.019271 0.02963
2 0.395833 0.633796 0.021875 0.036111
2 0.343229 0.64213 0.045833 0.067593
2 0.309896 0.632407 0.021875 0.037037
2 0.288281 0.638426 0.035937 0.05463
2 0.240625 0.643519 0.060417 0.094444
2 0.119792 0.684259 0.238542 0.283333
