2 0.03151 0.632407 0.056771 0.038889
2 0.103125 0.638889 0.078125 0.048148
2 0.140625 0.624537 0.042708 0.032407
2 0.173437 0.622685 0.035417 0.026852
2 0.229167 0.628241 0.059375 0.037963
1 0.245052 0.64537 0.024479 0.048148
2 0.258333 0.616204 0.042708 0.030556
2 0.313281 0.625 0.055729 0.040741
2 0.369531 0.611574 0.061979 0.037963
2 0.370312 0.664815 0.048958 0.083333
2 0.338802 0.693519 0.089063 0.127778
2 0.428646 0.60787 0.05625 0.036111
4 0.452344 0.581944 0.103646 0.058333
1 0.508854 0.617593 0.030208 0.046296
2 0.463802 0.67037 0.058854 0.087037
1 0.555469 0.616667 0.030729 0.048148
2 0.547656 0.59213 0.048438 0.037963
2 0.578646 0.5875 0.039583 0.028704
2 0.63724 0.59537 0.060937 0.038889
2 0.705208 0.588889 0.065625 0.046296
1 0.689063 0.606019 0.035417 0.04537
1 0.742969 0.599074 0.021354 0.044444
1 0.763542 0.598148 0.023958 0.046296
2 0.733854 0.581481 0.033333 0.037037
2 0.876042 0.571296 0.052083 0.046296
2 0.949219 0.629167 0.100521 0.106481
2 0.91276 0.625463 0.108854 0.084259
2 0.098958 0.886574 0.196875 0.228704
