2 0.079687 0.679167 0.159375 0.191667
2 0.189062 0.638889 0.119792 0.164815
2 0.28099 0.651389 0.086979 0.09537
2 0.339583 0.637037 0.05625 0.064815
2 0.3625 0.62963 0.0375 0.062963
2 0.386198 0.626389 0.035937 0.05463
2 0.403646 0.625 0.023958 0.042593
2 0.418229 0.620833 0.025 0.036111
2 0.447656 0.630556 0.034896 0.05
2 0.489063 0.610185 0.01875 0.02037
2 0.513802 0.633333 0.035937 0.05
1 0.601302 0.626852 0.013021 0.048148
3 0.434115 0.595833 0.032813 0.049074
2 0.467448 0.62037 0.020313 0.031481
2 0.508073 0.615278 0.017188 0.034259
2 0.536198 0.60463 0.008854 0.012963
