2 0.876302 0.768519 0.244271 0.331481
2 0.634115 0.693981 0.107812 0.137963
2 0.565365 0.683796 0.054688 0.087963
2 0.546615 0.68287 0.042188 0.060185
2 0.53125 0.682407 0.032292 0.053704
2 0.518229 0.676852 0.03125 0.055556
4 0.510156 0.661111 0.023438 0.061111
1 0.496615 0.676852 0.014063 0.068519
1 0.483333 0.672685 0.0125 0.049074
2 0.439323 0.699537 0.089063 0.126852
2 0.398698 0.667593 0.014063 0.024074
1 0.372917 0.679167 0.0125 0.058333
2 0.361979 0.673611 0.026042 0.037963
2 0.329948 0.679167 0.058854 0.084259
0 0.233594 0.683333 0.011979 0.068519
1 0.216146 0.693981 0.025 0.069444
1 0.109115 0.701852 0.011979 0.044444
