0 0.903385 0.67963 0.015104 0.075926
0 0.87474 0.681019 0.017188 0.071296
0 0.860417 0.682407 0.014583 0.075926
1 0.839062 0.699537 0.055208 0.093519
0 0.732552 0.684722 0.007812 0.047222
1 0.661979 0.701389 0.027083 0.09537
1 0.649479 0.69213 0.017708 0.060185
1 0.601823 0.690741 0.014063 0.05
1 0.563281 0.690278 0.017188 0.063889
2 0.448698 0.719907 0.120313 0.212037
2 0.391927 0.696296 0.045312 0.07037
2 0.320312 0.703704 0.09375 0.124074
2 0.226562 0.684722 0.061458 0.050926
2 0.174219 0.689815 0.081771 0.094444
2 0.119271 0.699074 0.104167 0.101852
4 0.304167 0.668981 0.066667 0.084259
