2 0.214583 0.72963 0.173958 0.194444
2 0.272135 0.612963 0.067187 0.046296
2 0.354948 0.640741 0.067187 0.090741
2 0.358594 0.592593 0.032813 0.027778
3 0.376042 0.591667 0.032292 0.055556
1 0.398438 0.60463 0.008333 0.037037
3 0.4375 0.585185 0.0125 0.018519
3 0.485677 0.603704 0.070312 0.185185
2 0.844271 0.765741 0.2125 0.222222
2 0.695833 0.690278 0.103125 0.136111
2 0.642969 0.664352 0.072396 0.102778
2 0.608333 0.647222 0.055208 0.07963
2 0.585938 0.634722 0.042708 0.065741
2 0.570573 0.621759 0.041146 0.065741
2 0.554688 0.619444 0.026042 0.046296
2 0.552865 0.609722 0.031771 0.056481
2 0.535677 0.603241 0.028646 0.043519
2 0.521875 0.597685 0.0125 0.023148
