2 0.139844 0.723148 0.260937 0.17037
2 0.125521 0.705556 0.158333 0.164815
2 0.236719 0.690278 0.091146 0.084259
2 0.316927 0.691204 0.092188 0.075
2 0.398438 0.688426 0.066667 0.060185
0 0.285677 0.667593 0.018229 0.055556
2 0.44375 0.6875 0.055208 0.05463
2 0.509635 0.691667 0.069271 0.092593
2 0.557813 0.691204 0.04375 0.05463
2 0.597917 0.680556 0.023958 0.037037
1 0.651302 0.737037 0.055729 0.205556
2 0.941927 0.787037 0.115104 0.37963
2 0.798698 0.726389 0.098437 0.117593
2 0.765625 0.7125 0.072917 0.087963
2 0.7375 0.703704 0.054167 0.074074
2 0.7125 0.694444 0.042708 0.066667
2 0.701562 0.693519 0.041667 0.051852
