2 0.10026 0.66713 0.090104 0.076852
4 0.254948 0.631481 0.123437 0.081481
2 0.327083 0.638426 0.038542 0.034259
2 0.395313 0.639352 0.048958 0.028704
4 0.374479 0.627778 0.03125 0.05
1 0.496615 0.759259 0.109896 0.431481
2 0.517188 0.690741 0.122917 0.203704
2 0.565625 0.65787 0.04375 0.071296
0 0.158073 0.643981 0.010937 0.043519
0 0.169531 0.651389 0.016146 0.052778
0 0.215885 0.643981 0.010937 0.047222
2 0.422396 0.634722 0.01875 0.028704
2 0.688542 0.65463 0.048958 0.031481
2 0.93099 0.657407 0.046354 0.038889
