2 0.033594 0.604167 0.045312 0.041667
1 0.144531 0.612037 0.023438 0.046296
3 0.341667 0.606481 0.026042 0.044444
2 0.374479 0.614352 0.027083 0.036111
2 0.407031 0.615741 0.046354 0.040741
4 0.38724 0.596296 0.038021 0.07037
1 0.308594 0.613426 0.010937 0.036111
2 0.471094 0.612963 0.069271 0.05
1 0.46276 0.615741 0.015104 0.048148
1 0.475 0.625926 0.020833 0.07037
2 0.590885 0.616667 0.067187 0.048148
2 0.813542 0.609259 0.109375 0.109259
2 0.842448 0.606481 0.119271 0.103704
2 0.892188 0.610648 0.103125 0.100926
2 0.972656 0.598611 0.054688 0.150926
2 0.936458 0.610648 0.11875 0.121296
