2 0.096615 0.665278 0.116146 0.076852
4 0.210417 0.636111 0.080208 0.077778
1 0.194792 0.660648 0.01875 0.071296
1 0.295833 0.648148 0.0125 0.046296
0 0.31224 0.648148 0.011979 0.053704
0 0.346354 0.644907 0.008333 0.047222
0 0.339062 0.643519 0.011458 0.051852
0 0.332813 0.64213 0.009375 0.056481
0 0.323698 0.64537 0.008854 0.048148
0 0.402344 0.643056 0.010937 0.04537
0 0.452344 0.641204 0.009896 0.049074
4 0.472135 0.631944 0.009896 0.019444
1 0.429688 0.643981 0.015625 0.04537
0 0.422656 0.642593 0.011979 0.053704
4 0.266927 0.637037 0.055729 0.066667
3 0.496354 0.623148 0.039583 0.094444
2 0.524219 0.638426 0.011979 0.017593
0 0.530729 0.64537 0.00625 0.037037
2 0.546875 0.64537 0.022917 0.042593
2 0.553646 0.649074 0.026042 0.044444
2 0.563802 0.652315 0.030729 0.052778
2 0.578906 0.652778 0.043229 0.07037
0 0.599219 0.659259 0.009896 0.088889
0 0.634635 0.663426 0.013021 0.089815
0 0.646615 0.651389 0.010937 0.058333
1 0.715104 0.675 0.034375 0.103704
1 0.963021 0.715278 0.061458 0.173148
1 0.681771 0.668519 0.064583 0.107407
