0 0.114062 0.663426 0.013542 0.069444
0 0.176302 0.663426 0.007812 0.036111
0 0.144792 0.659259 0.009375 0.051852
0 0.239062 0.66713 0.007292 0.039815
0 0.205208 0.673611 0.008333 0.041667
2 0.421094 0.678704 0.017188 0.027778
2 0.43724 0.673148 0.009896 0.018519
2 0.461979 0.677315 0.016667 0.034259
2 0.472917 0.677778 0.011458 0.018519
2 0.492188 0.680556 0.015625 0.025926
2 0.511458 0.689815 0.029167 0.040741
3 0.508073 0.677778 0.024479 0.051852
2 0.53776 0.698148 0.046354 0.064815
2 0.451302 0.674074 0.009896 0.014815
