1 0.936979 0.75463 0.072917 0.201852
1 0.534635 0.691667 0.039062 0.062963
2 0.436979 0.676389 0.030208 0.056481
2 0.463802 0.708333 0.067187 0.101852
2 0.377865 0.655556 0.017188 0.016667
2 0.39401 0.66713 0.024479 0.036111
2 0.348177 0.644907 0.024479 0.032407
2 0.357552 0.654167 0.019271 0.023148
3 0.307031 0.646296 0.034896 0.072222
2 0.273958 0.652315 0.015625 0.025
0 0.244271 0.650463 0.007292 0.039815
1 0.235417 0.652778 0.007292 0.037037
0 0.227604 0.652315 0.007292 0.036111
0 0.057552 0.65787 0.009896 0.043519
