2 0.147656 0.659722 0.141146 0.162037
2 0.25599 0.681019 0.146354 0.173148
2 0.323177 0.668981 0.074479 0.10463
3 0.311979 0.616667 0.064583 0.122222
2 0.352865 0.646759 0.057812 0.089815
2 0.446354 0.696296 0.171875 0.27037
0 0.550521 0.655556 0.019792 0.107407
1 0.53125 0.669907 0.022917 0.102778
1 0.596354 0.693981 0.044792 0.187963
1 0.654167 0.684259 0.078125 0.135185
1 0.698438 0.705556 0.104167 0.166667
1 0.784635 0.779167 0.128646 0.443519
1 0.91875 0.75787 0.161458 0.343519
0 0.954167 0.748611 0.091667 0.273148
