3 0.171615 0.552315 0.345313 0.173148
0 0.277604 0.599537 0.01875 0.087963
2 0.354687 0.606944 0.044792 0.041667
2 0.420833 0.609259 0.123958 0.077778
3 0.443229 0.585648 0.055208 0.09537
1 0.41224 0.63287 0.093229 0.160185
2 0.485417 0.605556 0.0375 0.040741
2 0.509115 0.60463 0.025521 0.033333
2 0.520833 0.601389 0.019792 0.030556
2 0.53151 0.598611 0.017188 0.026852
2 0.549219 0.599074 0.019271 0.025926
2 0.617708 0.603241 0.017708 0.025
1 0.631771 0.601389 0.007292 0.030556
2 0.736979 0.605093 0.13125 0.086111
1 0.746094 0.668519 0.077604 0.209259
1 0.851302 0.671296 0.083854 0.238889
1 0.91875 0.662037 0.061458 0.272222
2 0.964062 0.61713 0.071875 0.075
