2 0.29401 0.672222 0.049479 0.042593
2 0.34349 0.671296 0.051562 0.037037
2 0.383854 0.683796 0.058333 0.060185
2 0.444531 0.681481 0.066146 0.064815
1 0.48724 0.673148 0.015104 0.040741
1 0.515104 0.669907 0.011458 0.041667
2 0.583333 0.659259 0.034375 0.040741
3 0.673438 0.648611 0.036458 0.028704
2 0.692187 0.665741 0.027083 0.037037
2 0.71849 0.664815 0.016146 0.025926
1 0.659635 0.668519 0.010937 0.035185
2 0.645573 0.667593 0.025521 0.033333
1 0.639844 0.678704 0.022396 0.064815
2 0.776563 0.653241 0.014583 0.015741
2 0.758073 0.656481 0.011979 0.016667
1 0.803646 0.694444 0.03125 0.122222
2 0.936458 0.673611 0.126042 0.086111
