2 0.18125 0.706481 0.232292 0.242593
2 0.047917 0.665278 0.095833 0.087963
2 0.318229 0.648611 0.041667 0.056481
2 0.390365 0.651389 0.030729 0.039815
2 0.4625 0.648611 0.025 0.037963
2 0.471615 0.641204 0.016146 0.037963
2 0.498958 0.661111 0.047917 0.066667
2 0.528125 0.649537 0.033333 0.063889
4 0.535677 0.6375 0.022396 0.058333
2 0.929427 0.787963 0.142187 0.372222
2 0.634635 0.65463 0.007812 0.061111
0 0.680729 0.658333 0.010417 0.07037
0 0.669792 0.659259 0.009375 0.074074
1 0.834115 0.667593 0.048438 0.077778
0 0.864583 0.659722 0.011458 0.076852
1 0.811198 0.666667 0.040104 0.07037
1 0.783073 0.663889 0.021354 0.064815
0 0.76849 0.654167 0.011979 0.065741
0 0.752604 0.653704 0.014583 0.07037
1 0.739844 0.653241 0.019271 0.058333
0 0.973177 0.625926 0.008854 0.061111
