0 0.29401 0.628241 0.005729 0.034259
0 0.255469 0.623611 0.007812 0.049074
0 0.216927 0.629167 0.013021 0.05463
0 0.129167 0.626389 0.014583 0.067593
1 0.486198 0.645833 0.019271 0.063889
2 0.469792 0.631944 0.013542 0.019444
2 0.498177 0.630093 0.010937 0.015741
2 0.510417 0.636111 0.016667 0.027778
2 0.518229 0.638889 0.025 0.035185
2 0.541146 0.638889 0.035417 0.053704
2 0.561719 0.650463 0.039062 0.060185
2 0.579688 0.649074 0.059375 0.085185
2 0.708073 0.685185 0.148438 0.175926
2 0.867448 0.707407 0.265104 0.4
