2 0.067448 0.719444 0.133854 0.52037
0 0.140885 0.671296 0.017188 0.087037
0 0.15651 0.673148 0.011979 0.07963
1 0.211198 0.689352 0.040104 0.106481
2 0.280729 0.688426 0.077083 0.071296
2 0.344531 0.678241 0.045312 0.056481
3 0.397656 0.640278 0.111979 0.206481
4 0.475 0.648611 0.060417 0.084259
2 0.507031 0.694444 0.075521 0.116667
1 0.545312 0.672685 0.015625 0.080556
2 0.560677 0.66713 0.026562 0.037963
2 0.599219 0.668056 0.023438 0.034259
2 0.617708 0.658796 0.013542 0.021296
2 0.645052 0.690278 0.066146 0.091667
4 0.649479 0.646759 0.03125 0.041667
2 0.758073 0.711111 0.103646 0.135185
2 0.877604 0.740741 0.220833 0.201852
