2 0.098698 0.621296 0.099479 0.083333
0 0.082031 0.640741 0.017188 0.087037
2 0.147656 0.636574 0.069271 0.047222
2 0.272396 0.637963 0.022917 0.031481
2 0.403385 0.647685 0.028646 0.037963
2 0.461979 0.643056 0.0125 0.015741
1 0.476562 0.649074 0.008333 0.037037
1 0.504167 0.656944 0.0125 0.063889
2 0.671354 0.668056 0.095833 0.063889
0 0.838802 0.678704 0.019271 0.111111
0 0.822917 0.685185 0.014583 0.1
1 0.316406 0.645833 0.010937 0.047222
1 0.171875 0.657407 0.023958 0.066667
2 0.017708 0.628241 0.035417 0.078704
