0 0.120052 0.64213 0.007812 0.037963
1 0.172917 0.64537 0.014583 0.037037
1 0.253125 0.641667 0.009375 0.031481
1 0.266406 0.64537 0.013021 0.042593
1 0.365104 0.649074 0.011458 0.038889
2 0.377344 0.643981 0.035937 0.028704
2 0.422396 0.680093 0.058333 0.086111
2 0.525521 0.755556 0.223958 0.359259
1 0.668229 0.664815 0.023958 0.057407
0 0.819271 0.663889 0.0125 0.048148
1 0.804948 0.662037 0.014063 0.046296
2 0.946354 0.662037 0.082292 0.038889
2 0.904687 0.658796 0.05625 0.047222
1 0.739062 0.666204 0.022917 0.050926
