2 0.927604 0.810185 0.145833 0.322222
1 0.721354 0.659722 0.020833 0.062037
3 0.64349 0.631019 0.048438 0.078704
2 0.627604 0.656481 0.0375 0.059259
2 0.617188 0.626852 0.034375 0.057407
2 0.597656 0.631481 0.019271 0.027778
2 0.5875 0.620833 0.016667 0.023148
2 0.579427 0.61713 0.011979 0.017593
2 0.572396 0.613889 0.009375 0.014815
2 0.556771 0.625926 0.017708 0.025926
4 0.534896 0.605093 0.014583 0.026852
2 0.399479 0.600926 0.039583 0.025926
2 0.18099 0.606019 0.078646 0.04537
2 0.157552 0.606019 0.095312 0.050926
2 0.13776 0.608333 0.090104 0.057407
2 0.089063 0.604167 0.064583 0.069444
2 0.074479 0.594907 0.065625 0.041667
2 0.028385 0.593519 0.056771 0.040741
2 0.178125 0.811111 0.323958 0.331481
