2 0.841667 0.775 0.316667 0.451852
1 0.655469 0.663426 0.008854 0.041667
1 0.613802 0.660648 0.009896 0.041667
2 0.571875 0.663426 0.051042 0.082407
4 0.520573 0.637963 0.017188 0.037037
3 0.49401 0.646759 0.050521 0.084259
2 0.491146 0.609722 0.0375 0.075
2 0.470833 0.643519 0.008333 0.012963
2 0.458854 0.644907 0.009375 0.012037
2 0.416146 0.651389 0.027083 0.034259
2 0.351302 0.659259 0.049479 0.059259
2 0.317448 0.659259 0.040104 0.048148
2 0.207292 0.669907 0.132292 0.139815
1 0.045312 0.663889 0.03125 0.075926
