2 0.068229 0.7 0.136458 0.244444
2 0.194792 0.636574 0.166667 0.20463
2 0.301823 0.640278 0.085938 0.117593
2 0.358854 0.659722 0.126042 0.167593
2 0.41224 0.6375 0.058854 0.099074
2 0.504427 0.656944 0.072396 0.121296
2 0.484635 0.631481 0.044271 0.088889
1 0.835938 0.676852 0.059375 0.196296
1 0.951302 0.689352 0.057812 0.186111
0 0.867969 0.654167 0.029687 0.175
0 0.778385 0.652778 0.031771 0.187037
0 0.65625 0.629167 0.016667 0.069444
0 0.615104 0.629167 0.013542 0.065741
0 0.5875 0.634722 0.013542 0.067593
1 0.938802 0.666667 0.050521 0.12963
