0 0.035937 0.667593 0.019792 0.118519
2 0.048958 0.656019 0.09375 0.05463
4 0.294271 0.609259 0.146875 0.203704
2 0.870052 0.709722 0.260937 0.310185
2 0.632552 0.655556 0.075521 0.107407
2 0.555208 0.624074 0.030208 0.066667
2 0.573177 0.644444 0.031771 0.046296
2 0.594792 0.644444 0.041667 0.068519
2 0.536719 0.646759 0.039062 0.056481
2 0.508333 0.649537 0.044792 0.063889
2 0.486198 0.633333 0.013021 0.018519
2 0.466146 0.634722 0.014583 0.025
3 0.436458 0.623148 0.023958 0.053704
2 0.42526 0.63287 0.011979 0.019444
1 0.402865 0.634259 0.004687 0.02037
