3 0.04974 0.6125 0.100521 0.125
2 0.327083 0.622685 0.014583 0.017593
1 0.916927 0.718056 0.089063 0.236111
2 0.485937 0.625926 0.007292 0.009259
2 0.467448 0.62963 0.018229 0.031481
2 0.453646 0.625463 0.008333 0.013889
2 0.446094 0.627778 0.011979 0.016667
2 0.434635 0.630556 0.018229 0.027778
2 0.423437 0.626389 0.0125 0.021296
3 0.422656 0.617593 0.018229 0.027778
2 0.4125 0.625463 0.008333 0.015741
3 0.404948 0.61713 0.016146 0.039815
3 0.398177 0.615278 0.020313 0.043519
3 0.392708 0.616667 0.020833 0.040741
2 0.391927 0.627778 0.014063 0.022222
2 0.38125 0.618056 0.020833 0.043519
2 0.376823 0.62963 0.016146 0.025926
2 0.368229 0.630093 0.016667 0.026852
2 0.358854 0.627778 0.023958 0.037037
