2 0.030208 0.724537 0.060417 0.184259
3 0.033073 0.550926 0.065104 0.27963
2 0.150781 0.632407 0.070312 0.075926
2 0.190885 0.664352 0.107812 0.117593
2 0.256771 0.609259 0.0375 0.046296
3 0.304167 0.572222 0.072917 0.15
3 0.353646 0.576389 0.03125 0.073148
3 0.459896 0.621759 0.209375 0.476852
2 0.580729 0.656019 0.067708 0.093519
1 0.63099 0.619444 0.011979 0.044444
1 0.75599 0.625463 0.022396 0.041667
1 0.76224 0.627315 0.027604 0.041667
4 0.886458 0.603704 0.157292 0.098148
3 0.93125 0.599074 0.136458 0.118519
