1 0.90625 0.71713 0.070833 0.197222
2 0.7875 0.60463 0.070833 0.037037
1 0.769531 0.643519 0.024479 0.098148
0 0.772917 0.670833 0.023958 0.126852
2 0.751823 0.596296 0.061979 0.040741
1 0.738021 0.655093 0.026042 0.102778
2 0.683594 0.695833 0.120313 0.186111
1 0.642448 0.60463 0.009896 0.042593
4 0.652344 0.590741 0.039062 0.07037
3 0.626302 0.593981 0.025521 0.05463
2 0.607031 0.637963 0.047396 0.07037
2 0.58776 0.603704 0.034896 0.046296
2 0.607292 0.603241 0.021875 0.028704
2 0.554167 0.608333 0.029167 0.038889
2 0.535937 0.616204 0.036458 0.047222
2 0.554688 0.663889 0.080208 0.105556
2 0.509115 0.635648 0.054688 0.069444
2 0.48724 0.614352 0.029687 0.04537
2 0.465885 0.616667 0.033854 0.048148
2 0.444271 0.612963 0.053125 0.07037
2 0.403385 0.631019 0.069271 0.082407
3 0.382031 0.597222 0.076563 0.122222
2 0.326823 0.649537 0.099479 0.106481
2 0.292969 0.65 0.060937 0.072222
2 0.207812 0.665741 0.097917 0.088889
2 0.099479 0.698148 0.198958 0.174074
2 0.179167 0.825463 0.359375 0.349074
