2 0.117188 0.704167 0.1375 0.128704
2 0.256771 0.697685 0.078125 0.076852
2 0.327083 0.687963 0.045833 0.048148
2 0.35 0.687037 0.033333 0.048148
0 0.490625 0.678704 0.014583 0.068519
0 0.505208 0.676852 0.016667 0.07037
3 0.630729 0.645833 0.080208 0.150926
2 0.588542 0.685185 0.026042 0.051852
2 0.577344 0.680093 0.021354 0.037963
3 0.57474 0.661574 0.036979 0.071296
2 0.549219 0.673148 0.020313 0.027778
2 0.539062 0.663889 0.013542 0.024074
0 0.692969 0.675 0.021354 0.07963
0 0.735677 0.669907 0.017188 0.087963
0 0.75026 0.680556 0.021354 0.1
