2 0.121615 0.647222 0.243229 0.316667
2 0.274479 0.648611 0.113542 0.125
4 0.31901 0.606481 0.083854 0.096296
2 0.338021 0.638889 0.070833 0.090741
2 0.363281 0.625926 0.060937 0.083333
2 0.39375 0.625463 0.046875 0.067593
3 0.415365 0.616667 0.039062 0.072222
2 0.463802 0.61713 0.011979 0.017593
2 0.48125 0.622222 0.023958 0.035185
2 0.521094 0.623611 0.026562 0.037963
1 0.700781 0.626389 0.014063 0.034259
0 0.735156 0.623611 0.007812 0.037963
2 0.74401 0.621759 0.029687 0.026852
2 0.721615 0.621296 0.032813 0.031481
1 0.566406 0.618056 0.008854 0.025
1 0.608073 0.623148 0.008854 0.031481
2 0.432031 0.624537 0.025521 0.041667
2 0.438802 0.622685 0.023438 0.036111
2 0.446615 0.620833 0.020313 0.032407
