0 0.19401 0.676389 0.015104 0.075
1 0.270313 0.681944 0.028125 0.060185
1 0.367188 0.689352 0.015625 0.050926
1 0.46276 0.710648 0.053646 0.100926
2 0.482031 0.691204 0.024479 0.036111
1 0.496094 0.698611 0.030729 0.050926
2 0.508073 0.688889 0.020313 0.048148
1 0.91901 0.730556 0.023438 0.046296
1 0.961458 0.75463 0.06875 0.098148
2 0.839323 0.726852 0.110937 0.090741
1 0.760417 0.726852 0.064583 0.1
1 0.617448 0.722222 0.067187 0.125926
2 0.600521 0.7 0.05 0.048148
2 0.569531 0.685648 0.010937 0.015741
2 0.563802 0.681481 0.009896 0.014815
2 0.55 0.694444 0.023958 0.035185
