1 0.009375 0.733796 0.017708 0.075
2 0.135156 0.759722 0.119271 0.126852
2 0.247656 0.718981 0.053646 0.063889
2 0.320312 0.750926 0.073958 0.090741
2 0.391667 0.730093 0.033333 0.037963
2 0.411198 0.725 0.023438 0.031481
2 0.454167 0.747685 0.055208 0.076852
2 0.48125 0.727315 0.023958 0.025
2 0.559115 0.737963 0.028646 0.057407
2 0.584375 0.74537 0.052083 0.061111
2 0.607031 0.731944 0.024479 0.04537
2 0.61901 0.726852 0.039062 0.031481
2 0.673177 0.723148 0.045312 0.025926
1 0.666146 0.739352 0.016667 0.052778
1 0.684635 0.737963 0.014063 0.046296
1 0.7 0.738889 0.010417 0.05
2 0.733333 0.721296 0.03125 0.025926
1 0.830208 0.750926 0.028125 0.087037
2 0.548438 0.728241 0.028125 0.026852
3 0.833594 0.723148 0.064062 0.046296
