2 0.848958 0.8125 0.302083 0.375
1 0.715104 0.724537 0.01875 0.073148
2 0.723437 0.72037 0.0875 0.064815
2 0.647396 0.726852 0.063542 0.085185
2 0.606771 0.732407 0.096875 0.125926
2 0.513281 0.705093 0.023438 0.032407
2 0.48776 0.698611 0.010937 0.019444
1 0.674219 0.714815 0.014063 0.053704
2 0.458594 0.694444 0.015104 0.027778
2 0.453385 0.696759 0.014063 0.025
2 0.444531 0.698148 0.014063 0.024074
4 0.441667 0.686574 0.017708 0.037963
2 0.432031 0.700463 0.016146 0.028704
2 0.425 0.697685 0.020833 0.036111
2 0.410156 0.69537 0.028646 0.057407
2 0.395833 0.697685 0.041667 0.065741
2 0.34974 0.694444 0.068229 0.116667
2 0.292708 0.696296 0.045833 0.059259
2 0.198177 0.727778 0.197396 0.251852
0 0.107552 0.669907 0.013021 0.062037
0 0.092708 0.67037 0.009375 0.055556
0 0.136198 0.679167 0.013021 0.058333
4 0.046615 0.609722 0.092188 0.391667
