2 0.188021 0.670833 0.108333 0.093519
2 0.252865 0.664352 0.074479 0.076852
2 0.303646 0.655093 0.060417 0.071296
2 0.339583 0.65 0.042708 0.061111
2 0.364583 0.651852 0.0375 0.048148
2 0.379688 0.651389 0.026042 0.043519
1 0.398698 0.650463 0.015104 0.052778
2 0.408333 0.647685 0.023958 0.037963
1 0.447656 0.645833 0.008854 0.039815
2 0.446094 0.641204 0.021354 0.026852
1 0.46849 0.638889 0.008854 0.02963
1 0.479167 0.641204 0.007292 0.028704
2 0.50651 0.641204 0.018229 0.025
2 0.552865 0.635648 0.009896 0.013889
2 0.585417 0.647685 0.057292 0.034259
