4 0.276562 0.6125 0.122917 0.156481
2 0.401823 0.644907 0.033854 0.043519
3 0.4625 0.625 0.034375 0.083333
2 0.496094 0.685185 0.102604 0.153704
2 0.565365 0.656019 0.038021 0.050926
2 0.548177 0.642593 0.013021 0.022222
1 0.584375 0.647685 0.009375 0.032407
1 0.604688 0.656019 0.0125 0.049074
1 0.614583 0.661574 0.009375 0.037963
1 0.634896 0.65787 0.013542 0.049074
2 0.720573 0.689352 0.161979 0.199074
1 0.798698 0.686111 0.035937 0.116667
1 0.891406 0.694444 0.040104 0.112963
1 0.944792 0.704167 0.06875 0.14537
