2 0.11224 0.7625 0.223437 0.40463
4 0.221875 0.622222 0.119792 0.157407
2 0.295573 0.647222 0.100521 0.166667
2 0.345573 0.64537 0.029687 0.057407
4 0.388021 0.622685 0.065625 0.112037
2 0.397135 0.649074 0.064062 0.075926
4 0.428385 0.636111 0.024479 0.061111
2 0.457292 0.65 0.03125 0.053704
2 0.496875 0.650926 0.016667 0.025926
2 0.489583 0.641667 0.014583 0.035185
2 0.584115 0.669444 0.153646 0.085185
1 0.653385 0.666667 0.015104 0.066667
2 0.939323 0.665741 0.120313 0.085185
2 0.477604 0.649074 0.013542 0.022222
