3 0.79974 0.653241 0.398438 0.208333
1 0.539844 0.670833 0.008854 0.034259
1 0.533854 0.665278 0.007292 0.026852
2 0.495052 0.65463 0.007812 0.012963
2 0.485937 0.656944 0.0125 0.019444
3 0.443229 0.64213 0.019792 0.039815
2 0.426823 0.655556 0.013021 0.02037
2 0.398438 0.662963 0.019792 0.025926
2 0.37474 0.663889 0.023438 0.035185
2 0.361198 0.665278 0.028646 0.041667
2 0.340625 0.669444 0.033333 0.040741
2 0.315625 0.671759 0.038542 0.049074
2 0.301042 0.673148 0.047917 0.057407
4 0.178385 0.643981 0.107812 0.115741
2 0.09974 0.700926 0.197396 0.164815
