2 0.954688 0.702778 0.089583 0.059259
1 0.885156 0.715741 0.047396 0.12963
0 0.738281 0.688889 0.018229 0.092593
0 0.698438 0.681019 0.011458 0.050926
4 0.625781 0.641204 0.100521 0.165741
2 0.535677 0.7125 0.124479 0.180556
2 0.497917 0.678241 0.080208 0.136111
2 0.455208 0.64537 0.014583 0.018519
2 0.441146 0.641667 0.010417 0.016667
2 0.421615 0.646296 0.013021 0.02037
3 0.4125 0.635185 0.019792 0.044444
2 0.4125 0.646296 0.015625 0.027778
2 0.39974 0.649537 0.020313 0.028704
2 0.355729 0.676389 0.094792 0.121296
2 0.314583 0.65 0.03125 0.035185
4 0.348177 0.631019 0.042188 0.058333
0 0.828906 0.692593 0.015104 0.074074
