2 0.247917 0.691204 0.192708 0.199074
2 0.336719 0.648611 0.056771 0.091667
2 0.438802 0.662963 0.070312 0.088889
2 0.405208 0.646296 0.046875 0.066667
0 0.552604 0.640741 0.009375 0.053704
0 0.546875 0.643519 0.009375 0.055556
0 0.588021 0.644444 0.011458 0.062963
1 0.707292 0.737963 0.136458 0.318519
1 0.759115 0.714815 0.084896 0.253704
1 0.782031 0.672685 0.058854 0.097222
1 0.875 0.673611 0.035417 0.115741
1 0.661719 0.6625 0.051562 0.10463
0 0.642188 0.647222 0.013542 0.064815
2 0.954167 0.717593 0.091667 0.207407
