0 0.242188 0.624537 0.00625 0.043519
2 0.271615 0.637037 0.073438 0.094444
1 0.34401 0.626852 0.009896 0.037037
2 0.56224 0.621759 0.007812 0.013889
0 0.569271 0.627778 0.007292 0.02963
2 0.5375 0.619907 0.010417 0.013889
2 0.547656 0.62037 0.009896 0.016667
2 0.553385 0.624537 0.014063 0.019444
2 0.635938 0.626389 0.039583 0.028704
2 0.675781 0.625926 0.032813 0.033333
1 0.663021 0.629167 0.007292 0.028704
3 0.746615 0.605093 0.133854 0.10463
1 0.933854 0.675 0.045833 0.107407
4 0.496354 0.611574 0.021875 0.039815
