2 0.197135 0.663889 0.188021 0.205556
2 0.343229 0.621759 0.077083 0.119444
2 0.385156 0.609722 0.042188 0.073148
2 0.441406 0.638426 0.119271 0.19537
3 0.44375 0.552778 0.075 0.166667
1 0.609115 0.624537 0.014063 0.05463
1 0.567708 0.619444 0.010417 0.038889
1 0.676302 0.630556 0.016146 0.07037
2 0.657031 0.62037 0.048438 0.046296
2 0.70026 0.618519 0.050521 0.048148
1 0.724479 0.635648 0.020833 0.086111
2 0.83776 0.636111 0.111979 0.087037
1 0.821615 0.653704 0.032813 0.118519
2 0.895833 0.639352 0.117708 0.108333
2 0.939844 0.641204 0.119271 0.123148
2 0.972396 0.642593 0.054167 0.159259
