1 0.710417 0.6625 0.0125 0.065741
2 0.685156 0.660185 0.069271 0.044444
3 0.588281 0.622685 0.075521 0.169444
1 0.54401 0.646759 0.017188 0.032407
1 0.524479 0.641204 0.017708 0.032407
3 0.465885 0.619444 0.016146 0.037037
2 0.460677 0.631481 0.016146 0.025926
1 0.45026 0.6375 0.020313 0.026852
2 0.44375 0.628704 0.013542 0.02037
1 0.423958 0.638426 0.020833 0.032407
2 0.41875 0.636111 0.017708 0.025926
2 0.388802 0.636111 0.021354 0.025926
2 0.34401 0.645833 0.058854 0.082407
2 0.277865 0.641667 0.095312 0.127778
2 0.199479 0.668519 0.142708 0.133333
1 0.109635 0.651389 0.019271 0.060185
1 0.091406 0.65 0.031771 0.068519
