1 0.597656 0.635648 0.015104 0.056481
4 0.515365 0.59537 0.102604 0.174074
3 0.43724 0.600463 0.006771 0.019444
2 0.435677 0.608333 0.008854 0.014815
2 0.429948 0.606944 0.007812 0.013889
3 0.416927 0.6 0.010937 0.024074
3 0.401823 0.600463 0.009896 0.019444
2 0.39401 0.60463 0.007812 0.012963
2 0.386979 0.604167 0.009375 0.017593
2 0.377083 0.605093 0.015625 0.025
2 0.364323 0.605093 0.015104 0.021296
2 0.333594 0.610185 0.043229 0.046296
2 0.301042 0.607407 0.033333 0.048148
2 0.157031 0.609259 0.083854 0.068519
0 0.08151 0.598148 0.014063 0.051852
