2 0.341406 0.64537 0.071354 0.048148
0 0.444792 0.647685 0.009375 0.032407
4 0.450521 0.634259 0.011458 0.025926
2 0.465625 0.647222 0.0125 0.018519
2 0.510156 0.671759 0.075521 0.137963
0 0.592969 0.652778 0.010937 0.061111
2 0.597917 0.649537 0.071875 0.039815
0 0.641667 0.663426 0.017708 0.082407
0 0.663281 0.668519 0.013021 0.072222
0 0.62474 0.651852 0.010937 0.059259
1 0.742969 0.7625 0.149479 0.476852
0 0.632292 0.647685 0.009375 0.063889
0 0.6875 0.663889 0.013542 0.085185
2 0.886719 0.782407 0.227604 0.342593
