2 0.366146 0.635648 0.133333 0.073148
1 0.508333 0.633333 0.132292 0.085185
2 0.589844 0.626852 0.117188 0.083333
1 0.610677 0.65787 0.035937 0.121296
1 0.665365 0.65787 0.036979 0.130556
2 0.117448 0.622685 0.134896 0.080556
1 0.861458 0.739815 0.0125 0.155556
1 0.704688 0.665741 0.041667 0.135185
1 0.727865 0.662037 0.041146 0.12963
1 0.755729 0.650463 0.03125 0.10463
1 0.79349 0.61713 0.174479 0.128704
1 0.803125 0.649537 0.032292 0.091667
1 0.854687 0.650463 0.044792 0.086111
2 0.811719 0.641204 0.100521 0.073148
0 0.953906 0.639352 0.018229 0.09537
2 0.217969 0.63287 0.021354 0.041667
