1 0.34375 0.635185 0.010417 0.035185
1 0.23099 0.653241 0.022396 0.091667
0 0.214583 0.633796 0.010417 0.05463
0 0.2 0.630556 0.011458 0.057407
0 0.18099 0.62963 0.014063 0.061111
0 0.121094 0.627315 0.017188 0.078704
0 0.099479 0.625 0.011458 0.072222
2 0.414062 0.624074 0.008333 0.018519
1 0.409115 0.638889 0.015104 0.053704
2 0.402604 0.631019 0.013542 0.021296
2 0.433333 0.628241 0.009375 0.012037
2 0.442708 0.63287 0.015625 0.025
2 0.451823 0.633333 0.020313 0.031481
2 0.463802 0.637037 0.028646 0.037037
2 0.479687 0.640741 0.034375 0.055556
2 0.495052 0.636574 0.048438 0.075
2 0.509635 0.646296 0.045312 0.074074
2 0.527083 0.655556 0.065625 0.092593
2 0.573438 0.665741 0.092708 0.124074
2 0.629167 0.684722 0.15 0.178704
2 0.824479 0.755093 0.35 0.349074
