1 0.665625 0.734722 0.104167 0.225
2 0.62526 0.703704 0.255729 0.159259
2 0.698698 0.649537 0.160938 0.115741
2 0.042969 0.782407 0.084896 0.17037
2 0.038802 0.686574 0.077604 0.108333
3 0.084375 0.614352 0.14375 0.189815
3 0.1625 0.618056 0.080208 0.102778
2 0.207292 0.602315 0.027083 0.019444
2 0.230729 0.6 0.022917 0.02037
2 0.323698 0.600463 0.019271 0.025
2 0.359896 0.6 0.01875 0.025926
3 0.258854 0.587963 0.01875 0.038889
3 0.289323 0.585185 0.014063 0.02963
2 0.273958 0.594444 0.0125 0.016667
