0 0.039323 0.598148 0.019271 0.092593
0 0.028385 0.588426 0.019271 0.091667
0 0.080729 0.602315 0.017708 0.082407
0 0.093229 0.595833 0.016667 0.086111
1 0.123177 0.609259 0.031771 0.116667
0 0.157552 0.5875 0.017188 0.082407
1 0.176823 0.600463 0.026562 0.099074
1 0.214062 0.593056 0.023958 0.069444
0 0.232813 0.578241 0.009375 0.047222
2 0.050781 0.57037 0.072396 0.059259
2 0.310677 0.640741 0.122396 0.157407
2 0.407292 0.613889 0.070833 0.1
2 0.454948 0.594907 0.041146 0.063889
2 0.521094 0.660185 0.146354 0.225926
2 0.655208 0.605556 0.051042 0.090741
2 0.698438 0.649074 0.098958 0.144444
1 0.796615 0.649074 0.026562 0.105556
0 0.827083 0.633333 0.016667 0.07963
0 0.84349 0.63287 0.019271 0.084259
0 0.890885 0.636111 0.021354 0.090741
0 0.88151 0.631944 0.017188 0.087963
2 0.917969 0.775926 0.163021 0.364815
1 0.365104 0.589815 0.017708 0.062963
