2 0.032031 0.56713 0.025521 0.043519
2 0.107812 0.585185 0.152083 0.07963
2 0.157031 0.587963 0.109896 0.074074
0 0.184635 0.597222 0.039062 0.138889
1 0.234375 0.587963 0.034375 0.061111
1 0.215365 0.574537 0.050521 0.041667
0 0.253125 0.584259 0.009375 0.046296
0 0.263281 0.583796 0.007812 0.039815
0 0.271094 0.57963 0.008854 0.046296
2 0.382812 0.596296 0.11875 0.1
2 0.423177 0.661574 0.149479 0.223148
0 0.54401 0.622222 0.020313 0.112963
1 0.561198 0.6 0.026562 0.05
1 0.582031 0.601389 0.032813 0.058333
1 0.61849 0.612963 0.055729 0.098148
2 0.658333 0.608796 0.104167 0.063889
0 0.830469 0.625 0.023438 0.105556
3 0.882292 0.563889 0.232292 0.155556
