2 0.28776 0.690741 0.152604 0.17963
2 0.153385 0.656944 0.113021 0.063889
2 0.03151 0.656944 0.063021 0.075
2 0.377604 0.643519 0.027083 0.037037
2 0.423958 0.644444 0.019792 0.02963
2 0.466927 0.646759 0.027604 0.037963
2 0.476302 0.638426 0.017188 0.041667
2 0.508594 0.655556 0.046354 0.066667
2 0.54974 0.646296 0.039062 0.059259
4 0.53724 0.63287 0.022396 0.056481
0 0.617708 0.649074 0.008333 0.051852
0 0.645573 0.651389 0.006771 0.062037
0 0.655729 0.656019 0.008333 0.050926
2 0.779427 0.718519 0.199479 0.214815
2 0.942187 0.703241 0.094792 0.215741
0 0.900521 0.676852 0.022917 0.157407
1 0.913021 0.675463 0.046875 0.15463
1 0.965625 0.689352 0.064583 0.169444
0 0.985417 0.653704 0.019792 0.142593
