1 0.022135 0.654167 0.031771 0.065741
1 0.034375 0.652315 0.030208 0.078704
2 0.213021 0.653241 0.166667 0.087963
0 0.260417 0.636111 0.009375 0.035185
2 0.425781 0.647685 0.086979 0.067593
2 0.447135 0.631481 0.020313 0.037037
2 0.46901 0.634259 0.028646 0.018519
3 0.464062 0.626852 0.013542 0.02963
2 0.50625 0.643056 0.04375 0.052778
2 0.52526 0.635648 0.022396 0.043519
3 0.527344 0.624537 0.026562 0.052778
2 0.542969 0.638426 0.017188 0.019444
3 0.652344 0.625 0.057812 0.057407
1 0.582031 0.643519 0.008854 0.031481
0 0.573438 0.643056 0.00625 0.023148
0 0.725 0.645833 0.009375 0.037963
