2 0.035417 0.628704 0.070833 0.051852
2 0.054167 0.61713 0.090625 0.065741
0 0.164062 0.653241 0.010417 0.065741
0 0.19401 0.656481 0.016146 0.068519
2 0.283073 0.665278 0.110937 0.063889
2 0.320052 0.655556 0.078646 0.061111
2 0.340885 0.653241 0.070312 0.058333
2 0.363021 0.653704 0.061458 0.048148
2 0.395313 0.652315 0.052083 0.037963
2 0.541927 0.644444 0.022396 0.038889
2 0.517969 0.652778 0.030729 0.044444
0 0.786198 0.683796 0.031771 0.162037
5 0.780729 0.725 0.032292 0.094444
0 0.632031 0.659722 0.016146 0.060185
