2 0.280729 0.650926 0.039583 0.046296
2 0.302865 0.64537 0.033854 0.046296
2 0.336458 0.652315 0.0375 0.047222
2 0.357552 0.645833 0.024479 0.041667
2 0.384375 0.652315 0.033333 0.04537
1 0.405208 0.648611 0.011458 0.04537
2 0.413542 0.640741 0.025 0.038889
3 0.420052 0.623611 0.024479 0.04537
2 0.475781 0.631481 0.009896 0.012963
2 0.496094 0.644907 0.017188 0.028704
4 0.510677 0.630093 0.015104 0.028704
2 0.55026 0.646759 0.023438 0.032407
2 0.629167 0.646759 0.029167 0.025
1 0.667969 0.673148 0.018229 0.062963
1 0.706771 0.684259 0.053125 0.077778
0 0.788802 0.673148 0.019271 0.068519
1 0.801823 0.69213 0.027604 0.097222
1 0.967187 0.723611 0.048958 0.150926
