3 0.690365 0.589815 0.027604 0.07037
1 0.654687 0.597685 0.005208 0.026852
2 0.641667 0.589352 0.017708 0.025
2 0.594271 0.599537 0.020833 0.028704
4 0.539844 0.606481 0.080729 0.162963
2 0.48125 0.618519 0.039583 0.048148
2 0.438542 0.602315 0.033333 0.039815
2 0.385677 0.606944 0.034896 0.032407
2 0.359115 0.591667 0.034896 0.027778
2 0.338802 0.61713 0.050521 0.052778
3 0.267969 0.605556 0.088021 0.07963
2 0.18151 0.64537 0.107812 0.083333
1 0.14349 0.590278 0.006771 0.021296
3 0.176823 0.576852 0.024479 0.037037
1 0.01875 0.595833 0.008333 0.028704
