2 0.295052 0.619444 0.044271 0.05
4 0.405469 0.604167 0.081771 0.149074
2 0.655469 0.618056 0.031771 0.037963
0 0.641927 0.615741 0.008854 0.05
1 0.600781 0.621296 0.015104 0.044444
1 0.56276 0.61713 0.014063 0.047222
1 0.526823 0.588426 0.004687 0.017593
3 0.471875 0.563426 0.009375 0.013889
4 0.482552 0.571759 0.014063 0.021296
3 0.49349 0.580556 0.014063 0.02963
2 0.464323 0.575 0.007812 0.014815
2 0.475 0.586111 0.010417 0.016667
2 0.459375 0.584259 0.009375 0.014815
2 0.460417 0.597222 0.013542 0.02037
2 0.466667 0.611574 0.030208 0.034259
1 0.339844 0.603241 0.006771 0.025
