2 0.19401 0.711111 0.107812 0.107407
1 0.27526 0.684259 0.015104 0.046296
2 0.31901 0.677778 0.048438 0.059259
2 0.4125 0.717593 0.177083 0.288889
2 0.507552 0.651852 0.009896 0.014815
3 0.641146 0.632407 0.13125 0.157407
2 0.676562 0.650926 0.097917 0.135185
0 0.727604 0.664815 0.00625 0.044444
0 0.748958 0.662037 0.008333 0.05
0 0.753385 0.661111 0.007812 0.05
0 0.767969 0.658796 0.016146 0.05463
3 0.819531 0.634722 0.089063 0.112037
0 0.807292 0.658796 0.010417 0.058333
1 0.621094 0.675463 0.028646 0.071296
3 0.529687 0.639815 0.017708 0.05
