1 0.733073 0.819444 0.128646 0.294444
3 0.935417 0.725 0.09375 0.107407
2 0.898958 0.743056 0.053125 0.071296
1 0.789583 0.797222 0.063542 0.187037
2 0.728125 0.762037 0.096875 0.068519
2 0.406771 0.727315 0.017708 0.015741
2 0.393229 0.724074 0.008333 0.014815
3 0.377865 0.710648 0.024479 0.060185
2 0.36276 0.719444 0.008854 0.022222
2 0.354167 0.726389 0.009375 0.013889
3 0.286979 0.702778 0.05 0.085185
3 0.257812 0.702315 0.059375 0.097222
2 0.20651 0.728704 0.038021 0.044444
1 0.091667 0.728241 0.058333 0.093519
