0 0.064062 0.681019 0.013542 0.080556
1 0.129167 0.700926 0.03125 0.135185
1 0.196875 0.700463 0.03125 0.121296
1 0.210156 0.6875 0.020313 0.102778
0 0.282031 0.676852 0.009896 0.048148
0 0.261198 0.664815 0.007812 0.040741
3 0.358594 0.630556 0.094271 0.216667
2 0.459896 0.712963 0.116667 0.177778
3 0.473177 0.625 0.045312 0.109259
1 0.514583 0.666667 0.009375 0.053704
1 0.533854 0.675 0.015625 0.068519
2 0.550521 0.673148 0.038542 0.055556
1 0.978125 0.719907 0.041667 0.330556
0 0.699219 0.655093 0.016146 0.073148
