3 0.103385 0.506944 0.205729 0.39537
2 0.182812 0.619907 0.069792 0.069444
3 0.165885 0.583796 0.156771 0.115741
2 0.258333 0.613889 0.046875 0.042593
3 0.290885 0.600463 0.054688 0.076852
2 0.309896 0.613889 0.036458 0.040741
2 0.33776 0.607407 0.030729 0.044444
2 0.366146 0.615741 0.04375 0.07037
2 0.39375 0.612037 0.025 0.042593
3 0.39375 0.600463 0.020833 0.047222
2 0.416146 0.608333 0.011458 0.014815
4 0.440104 0.604167 0.01875 0.030556
4 0.428906 0.605556 0.009896 0.024074
2 0.769271 0.641204 0.040625 0.05463
