2 0.979427 0.64213 0.035937 0.075
2 0.925781 0.64537 0.103646 0.101852
2 0.832031 0.658333 0.129688 0.116667
0 0.764844 0.624537 0.009896 0.071296
0 0.734896 0.625 0.013542 0.072222
2 0.577865 0.648148 0.183854 0.112963
2 0.503385 0.631019 0.071354 0.080556
2 0.411979 0.614352 0.089583 0.112037
2 0.332813 0.625926 0.069792 0.090741
0 0.291667 0.630556 0.025 0.116667
2 0.240104 0.615741 0.102083 0.1
0 0.188802 0.623148 0.021354 0.096296
0 0.165104 0.618519 0.016667 0.105556
2 0.170052 0.6125 0.084896 0.089815
2 0.06849 0.614815 0.132812 0.135185
