1 0.908594 0.702315 0.014063 0.052778
0 0.795833 0.696296 0.020833 0.074074
2 0.815625 0.695833 0.053125 0.069444
2 0.7875 0.68287 0.0375 0.058333
3 0.784896 0.658796 0.05 0.099074
2 0.724219 0.68287 0.036979 0.05463
2 0.701562 0.668056 0.015625 0.023148
2 0.646354 0.668056 0.038542 0.025
2 0.623177 0.665278 0.015104 0.023148
0 0.577344 0.665278 0.007812 0.039815
0 0.571354 0.666204 0.007292 0.037963
2 0.564063 0.6625 0.033333 0.026852
2 0.530208 0.662037 0.040625 0.040741
2 0.491927 0.65787 0.036979 0.023148
2 0.441406 0.67037 0.085938 0.092593
2 0.346615 0.639352 0.073438 0.069444
2 0.322656 0.652778 0.055729 0.040741
4 0.128906 0.55 0.254688 0.427778
