1 0.172656 0.675926 0.014063 0.038889
1 0.198177 0.674537 0.014063 0.036111
1 0.208073 0.674537 0.011979 0.034259
2 0.253646 0.672685 0.088542 0.058333
2 0.284896 0.680093 0.101042 0.093519
2 0.357292 0.672222 0.025 0.037037
2 0.369271 0.673611 0.017708 0.030556
3 0.396094 0.656481 0.032813 0.064815
2 0.4125 0.673148 0.048958 0.048148
2 0.432031 0.672685 0.023438 0.039815
1 0.458854 0.680556 0.029167 0.057407
2 0.46849 0.671759 0.023438 0.043519
2 0.508333 0.669444 0.020833 0.048148
2 0.546615 0.68287 0.099479 0.056481
1 0.665104 0.677778 0.009375 0.038889
2 0.73776 0.684722 0.093229 0.05463
0 0.79401 0.685648 0.008854 0.043519
2 0.89974 0.687963 0.085938 0.051852
1 0.938802 0.698148 0.030729 0.077778
3 0.929688 0.656944 0.1375 0.117593
