2 0.142969 0.64537 0.048438 0.055556
2 0.207031 0.650926 0.034896 0.035185
2 0.228385 0.647222 0.024479 0.037037
2 0.283854 0.655093 0.04375 0.050926
2 0.391406 0.650926 0.013021 0.014815
2 0.408594 0.648148 0.007812 0.012963
3 0.453906 0.617593 0.091146 0.231481
2 0.508854 0.653704 0.016667 0.022222
2 0.579688 0.660185 0.041667 0.081481
2 0.557813 0.675926 0.06875 0.103704
2 0.644792 0.664352 0.041667 0.071296
0 0.610156 0.653704 0.005729 0.031481
2 0.629948 0.646759 0.013021 0.019444
4 0.822917 0.603704 0.355208 0.438889
