2 0.968229 0.625926 0.0625 0.092593
2 0.951302 0.617593 0.095312 0.103704
2 0.897396 0.625 0.102083 0.07037
2 0.848698 0.60787 0.097396 0.084259
0 0.801302 0.636111 0.022396 0.122222
0 0.779687 0.634722 0.021875 0.121296
2 0.670573 0.663426 0.130729 0.165741
2 0.607292 0.643056 0.079167 0.106481
2 0.521354 0.612963 0.036458 0.05
2 0.452865 0.604167 0.009896 0.017593
1 0.449219 0.609259 0.008854 0.033333
1 0.429427 0.608796 0.005729 0.026852
1 0.413802 0.610648 0.009896 0.036111
1 0.389583 0.60787 0.029167 0.041667
2 0.367188 0.60463 0.032292 0.053704
1 0.240625 0.629167 0.039583 0.123148
2 0.258073 0.624537 0.057812 0.073148
2 0.207031 0.625926 0.089063 0.101852
2 0.106771 0.687037 0.2125 0.287037
