2 0.071094 0.636574 0.038021 0.028704
3 0.083073 0.62037 0.056771 0.055556
2 0.190625 0.676389 0.191667 0.200926
2 0.277604 0.635185 0.045833 0.05
2 0.29974 0.612037 0.048438 0.085185
2 0.327604 0.631481 0.030208 0.040741
3 0.339062 0.610185 0.034375 0.072222
3 0.351042 0.60787 0.036458 0.076852
3 0.369531 0.610185 0.029687 0.062963
2 0.383594 0.624537 0.010937 0.023148
2 0.395313 0.624537 0.013542 0.017593
3 0.4 0.618519 0.013542 0.02963
3 0.409896 0.613889 0.021875 0.038889
2 0.440104 0.618519 0.011458 0.016667
2 0.449219 0.623148 0.016146 0.022222
3 0.461719 0.618056 0.010937 0.023148
2 0.464062 0.622685 0.013542 0.015741
2 0.472396 0.622222 0.010417 0.012963
2 0.486458 0.621759 0.013542 0.017593
2 0.501823 0.619907 0.008854 0.017593
2 0.498437 0.623148 0.010417 0.014815
1 0.558333 0.634722 0.009375 0.043519
