2 0.953646 0.694444 0.091667 0.224074
2 0.928385 0.688426 0.088021 0.130556
2 0.873958 0.6625 0.05625 0.087963
2 0.841927 0.660648 0.035937 0.056481
2 0.826823 0.654167 0.034896 0.04537
4 0.764844 0.6375 0.030729 0.047222
2 0.752604 0.652315 0.030208 0.049074
2 0.711719 0.677778 0.072396 0.105556
3 0.665885 0.643519 0.042188 0.057407
2 0.6375 0.658796 0.03125 0.036111
2 0.598437 0.663889 0.038542 0.042593
4 0.384115 0.635648 0.320312 0.39537
0 0.115625 0.651852 0.021875 0.137037
2 0.051042 0.67963 0.101042 0.32963
