4 0.795573 0.559259 0.404687 0.87037
2 0.475781 0.746296 0.014063 0.024074
4 0.463281 0.726852 0.011979 0.024074
4 0.44974 0.750926 0.017188 0.025926
3 0.439323 0.721759 0.008854 0.019444
2 0.424219 0.743519 0.011979 0.02037
2 0.414323 0.743981 0.015104 0.026852
2 0.40026 0.746759 0.021354 0.039815
4 0.378646 0.721759 0.028125 0.049074
2 0.389583 0.752778 0.027083 0.040741
2 0.365625 0.753241 0.040625 0.063889
2 0.344271 0.75463 0.051042 0.068519
2 0.303385 0.761111 0.066146 0.088889
2 0.24974 0.755093 0.097396 0.134259
2 0.164844 0.779167 0.183854 0.212037
2 0.04349 0.790741 0.083854 0.294444
