1 0.076563 0.588426 0.016667 0.060185
1 0.11276 0.594444 0.016146 0.051852
2 0.21849 0.587963 0.047396 0.031481
1 0.342187 0.594907 0.020833 0.037963
1 0.365104 0.593519 0.019792 0.035185
1 0.37526 0.594907 0.020313 0.034259
1 0.345313 0.594444 0.019792 0.033333
2 0.394792 0.590278 0.014583 0.023148
4 0.405729 0.58287 0.01875 0.032407
2 0.433854 0.6 0.017708 0.02963
2 0.444792 0.591204 0.008333 0.013889
3 0.452865 0.588426 0.011979 0.028704
4 0.503646 0.580556 0.096875 0.157407
1 0.574219 0.615278 0.010937 0.043519
1 0.585938 0.616667 0.011458 0.048148
1 0.606771 0.617593 0.013542 0.040741
