2 0.078125 0.7125 0.08125 0.112037
2 0.214583 0.670833 0.044792 0.050926
2 0.20599 0.730093 0.076563 0.115741
2 0.269531 0.777778 0.161979 0.214815
2 0.31849 0.675 0.046354 0.053704
2 0.363021 0.650926 0.029167 0.038889
2 0.41224 0.65 0.022396 0.031481
1 0.470833 0.65463 0.0125 0.051852
2 0.4 0.637963 0.014583 0.024074
2 0.702865 0.641204 0.088021 0.052778
2 0.674219 0.634259 0.056771 0.05
2 0.613021 0.636574 0.05 0.041667
2 0.898698 0.633333 0.068229 0.068519
2 0.96224 0.641667 0.075521 0.07963
0 0.779427 0.624537 0.010937 0.047222
0 0.758594 0.623148 0.008854 0.046296
