2 0.223177 0.685648 0.117188 0.137963
2 0.315625 0.676389 0.06875 0.076852
1 0.395052 0.665741 0.015104 0.053704
2 0.388542 0.658796 0.034375 0.049074
2 0.410938 0.659259 0.01875 0.02963
1 0.431771 0.661111 0.010417 0.035185
1 0.497396 0.657407 0.010417 0.038889
0 0.913542 0.682407 0.035417 0.238889
0 0.748177 0.668981 0.025521 0.102778
0 0.529687 0.647685 0.00625 0.030556
0 0.516927 0.648611 0.005729 0.030556
0 0.521615 0.653704 0.004687 0.031481
2 0.486979 0.652315 0.0125 0.019444
1 0.451823 0.654167 0.005729 0.021296
2 0.422135 0.655556 0.015104 0.025926
