2 0.93776 0.612963 0.070312 0.042593
2 0.847917 0.613889 0.057292 0.051852
2 0.705469 0.618981 0.072396 0.05463
2 0.538542 0.654167 0.114583 0.125
2 0.458594 0.615278 0.027604 0.058333
2 0.44974 0.627778 0.040104 0.059259
2 0.421615 0.620833 0.007812 0.012037
2 0.410417 0.621759 0.010417 0.019444
2 0.403906 0.621759 0.011979 0.021296
2 0.392969 0.622222 0.014063 0.025926
3 0.39974 0.615741 0.014063 0.027778
2 0.377344 0.624537 0.020313 0.032407
2 0.363281 0.625463 0.021354 0.036111
2 0.344271 0.619444 0.033333 0.055556
3 0.345573 0.598148 0.032813 0.057407
2 0.324479 0.626389 0.025 0.032407
3 0.30026 0.602778 0.043229 0.081481
2 0.27474 0.611111 0.038021 0.072222
2 0.166146 0.6375 0.245833 0.332407
2 0.047917 0.646759 0.094792 0.10463
