2 0.042969 0.708333 0.085938 0.166667
0 0.205729 0.6625 0.0125 0.062037
0 0.215885 0.676852 0.013021 0.083333
0 0.245052 0.675 0.014063 0.075926
1 0.263281 0.672685 0.028646 0.062037
2 0.361458 0.675926 0.064583 0.098148
2 0.404427 0.668519 0.020313 0.024074
2 0.444531 0.668056 0.021354 0.034259
2 0.501042 0.672222 0.017708 0.025926
2 0.511198 0.673611 0.021354 0.032407
1 0.523177 0.688889 0.022396 0.081481
2 0.576823 0.712037 0.120313 0.17963
2 0.732292 0.731944 0.126042 0.167593
2 0.869271 0.751852 0.260417 0.277778
