2 0.027604 0.602778 0.053125 0.040741
1 0.142969 0.606944 0.013021 0.037963
2 0.197917 0.596296 0.036458 0.025926
1 0.222917 0.600926 0.009375 0.031481
2 0.33099 0.608796 0.042188 0.058333
2 0.354948 0.594444 0.010937 0.012963
2 0.363281 0.597685 0.015104 0.021296
2 0.381771 0.601852 0.017708 0.027778
2 0.401823 0.597222 0.014063 0.018519
2 0.411458 0.6 0.017708 0.02037
1 0.451562 0.601852 0.004167 0.018519
1 0.464062 0.611111 0.00625 0.027778
1 0.470052 0.614815 0.006771 0.02963
1 0.488281 0.627778 0.010937 0.051852
1 0.54349 0.649537 0.016146 0.069444
1 0.583333 0.677778 0.032292 0.124074
