2 0.034115 0.711111 0.068229 0.114815
2 0.251302 0.684722 0.100521 0.125
1 0.307292 0.679167 0.010417 0.037963
2 0.342187 0.680556 0.047917 0.074074
2 0.442969 0.676389 0.030729 0.041667
2 0.185156 0.701389 0.126562 0.089815
2 0.060937 0.675 0.121875 0.166667
2 0.122917 0.6875 0.051042 0.086111
2 0.563281 0.769907 0.228646 0.325
1 0.651823 0.676852 0.010937 0.037037
1 0.713542 0.692593 0.020833 0.068519
2 0.854687 0.6625 0.090625 0.063889
2 0.966927 0.659722 0.066146 0.060185
2 0.75625 0.663889 0.042708 0.031481
