0 0.049479 0.687037 0.013542 0.068519
0 0.222396 0.680556 0.010417 0.048148
0 0.20599 0.676852 0.009896 0.038889
3 0.298438 0.622685 0.167708 0.249074
2 0.385417 0.665278 0.025 0.036111
2 0.420312 0.666667 0.033333 0.040741
2 0.432031 0.663426 0.020313 0.032407
2 0.451562 0.659259 0.015625 0.022222
4 0.471615 0.649074 0.008854 0.018519
3 0.477604 0.656944 0.014583 0.026852
0 0.507812 0.662963 0.013542 0.051852
2 0.663281 0.661574 0.101562 0.062037
2 0.698438 0.643056 0.06875 0.04537
2 0.730729 0.650463 0.08125 0.060185
1 0.755208 0.689815 0.048958 0.118519
2 0.786198 0.636111 0.045312 0.033333
2 0.800521 0.638426 0.047917 0.034259
2 0.830469 0.637963 0.047396 0.031481
2 0.847656 0.636111 0.049479 0.046296
0 0.855729 0.633333 0.014583 0.062963
0 0.871354 0.636574 0.015625 0.058333
0 0.88151 0.632407 0.010937 0.061111
2 0.940885 0.651389 0.118229 0.184259
