1 0.92526 0.749537 0.019271 0.041667
2 0.809115 0.747685 0.073438 0.071296
1 0.778125 0.789352 0.05 0.160185
1 0.728646 0.808333 0.108333 0.259259
2 0.632552 0.762037 0.121354 0.074074
1 0.46875 0.735648 0.008333 0.032407
1 0.416146 0.729167 0.00625 0.026852
3 0.38151 0.716667 0.016146 0.038889
3 0.365365 0.719444 0.014063 0.024074
2 0.283073 0.723611 0.069271 0.069444
3 0.254948 0.701852 0.055729 0.096296
2 0.20625 0.727778 0.036458 0.042593
3 0.058333 0.671759 0.116667 0.297222
3 0.289583 0.700463 0.046875 0.078704
