2 0.297656 0.640278 0.064062 0.071296
2 0.332292 0.643056 0.04375 0.05463
5 0.372656 0.641204 0.031771 0.063889
1 0.420573 0.64213 0.015104 0.05463
2 0.39349 0.626389 0.026562 0.049074
2 0.449219 0.631944 0.031771 0.049074
2 0.466667 0.630093 0.025 0.030556
2 0.471354 0.615741 0.022917 0.046296
1 0.519792 0.648611 0.021875 0.087963
2 0.551823 0.621759 0.018229 0.034259
2 0.586719 0.646296 0.040104 0.061111
2 0.658854 0.667593 0.10625 0.12037
2 0.803906 0.619907 0.124479 0.084259
2 0.938542 0.631481 0.119792 0.114815
2 0.484635 0.615741 0.015104 0.02037
