3 0.055208 0.582407 0.110417 0.422222
2 0.105208 0.688889 0.022917 0.033333
2 0.124219 0.688426 0.020313 0.030556
3 0.135677 0.668981 0.029687 0.052778
2 0.210677 0.673148 0.091146 0.151852
1 0.352344 0.684259 0.018229 0.05
1 0.393229 0.683333 0.027083 0.05
1 0.410938 0.684259 0.028125 0.055556
0 0.296354 0.684722 0.008333 0.036111
5 0.48099 0.675926 0.052604 0.068519
1 0.508073 0.675463 0.014063 0.067593
0 0.568229 0.677315 0.019792 0.062037
0 0.597135 0.673148 0.014063 0.057407
0 0.615625 0.668056 0.028125 0.091667
0 0.652344 0.663426 0.023438 0.099074
0 0.673438 0.658796 0.025 0.099074
0 0.694531 0.660648 0.022396 0.108333
1 0.738021 0.675926 0.039583 0.057407
0 0.792969 0.667593 0.026562 0.109259
0 0.820052 0.6625 0.021354 0.112037
0 0.834375 0.682407 0.022917 0.103704
0 0.844531 0.674074 0.022396 0.12963
0 0.860156 0.669907 0.023438 0.132407
0 0.963542 0.693981 0.023958 0.099074
0 0.960677 0.669444 0.036979 0.144444
0 0.894271 0.678241 0.028125 0.108333
4 0.95 0.612963 0.098958 0.177778
