1 0.1375 0.65787 0.04375 0.075
2 0.278646 0.651389 0.0375 0.043519
2 0.303906 0.643519 0.031771 0.05
2 0.336198 0.651389 0.038021 0.047222
2 0.357292 0.64537 0.026042 0.044444
2 0.385417 0.652778 0.035417 0.046296
2 0.408854 0.643056 0.022917 0.043519
3 0.420573 0.627778 0.022396 0.053704
1 0.425781 0.65 0.013021 0.053704
2 0.493229 0.637037 0.011458 0.018519
2 0.5 0.641204 0.013542 0.023148
4 0.513542 0.629167 0.0125 0.025
2 0.597135 0.646759 0.030729 0.025
1 0.66901 0.669444 0.015104 0.062963
0 0.623177 0.661574 0.007812 0.049074
1 0.686198 0.672222 0.017188 0.05
1 0.727083 0.7125 0.067708 0.150926
1 0.751823 0.686111 0.030729 0.090741
0 0.791927 0.677778 0.016146 0.066667
