4 0.473698 0.620833 0.160938 0.302778
2 0.621094 0.606481 0.029687 0.033333
2 0.639062 0.614815 0.028125 0.044444
1 0.628646 0.643519 0.025 0.077778
1 0.596094 0.626852 0.028646 0.051852
2 0.375521 0.576389 0.0125 0.017593
2 0.386458 0.618981 0.041667 0.060185
3 0.360677 0.580556 0.028646 0.044444
2 0.344792 0.578704 0.0125 0.024074
3 0.30651 0.574074 0.027604 0.053704
2 0.265104 0.589352 0.069792 0.117593
2 0.20651 0.608796 0.064062 0.056481
1 0.10651 0.591667 0.027604 0.037037
0 0.063021 0.582407 0.009375 0.035185
1 0.016927 0.596296 0.016146 0.051852
2 0.236979 0.719907 0.169792 0.186111
