1 0.922135 0.713889 0.052604 0.140741
2 0.842708 0.702778 0.071875 0.05
2 0.8125 0.709259 0.075 0.046296
2 0.792188 0.699074 0.053125 0.042593
2 0.739583 0.709259 0.075 0.051852
1 0.68151 0.71713 0.029687 0.080556
2 0.659896 0.701852 0.055208 0.040741
5 0.580469 0.711574 0.020313 0.05463
1 0.55651 0.715741 0.017188 0.059259
2 0.520312 0.72037 0.066667 0.085185
2 0.473177 0.706481 0.028646 0.046296
2 0.419792 0.725 0.096875 0.137037
2 0.360156 0.699537 0.021354 0.034259
2 0.345313 0.701389 0.025 0.034259
2 0.3125 0.710648 0.053125 0.067593
2 0.265625 0.705556 0.0375 0.042593
2 0.039844 0.69537 0.076563 0.075926
