2 0.480469 0.839352 0.477604 0.323148
3 0.916146 0.630556 0.167708 0.738889
1 0.910937 0.665278 0.030208 0.113889
1 0.882552 0.694907 0.033854 0.126852
1 0.872396 0.714352 0.041667 0.152778
2 0.918229 0.606019 0.0375 0.04537
3 0.829688 0.612963 0.151042 0.088889
5 0.634635 0.614352 0.030729 0.047222
1 0.58724 0.64537 0.067187 0.087037
3 0.56224 0.613426 0.134896 0.108333
0 0.341146 0.608333 0.0125 0.046296
3 0.344531 0.584259 0.038021 0.072222
2 0.328125 0.605093 0.027083 0.043519
1 0.231771 0.611574 0.010417 0.037963
1 0.288281 0.602315 0.006771 0.026852
1 0.211458 0.612037 0.009375 0.035185
2 0.183854 0.622685 0.09375 0.060185
