0 0.020313 0.69213 0.010417 0.058333
0 0.060677 0.684259 0.007812 0.025926
0 0.104167 0.686574 0.015625 0.049074
0 0.125521 0.681481 0.00625 0.02963
2 0.166146 0.682407 0.016667 0.022222
4 0.172135 0.673611 0.021354 0.039815
2 0.198958 0.680556 0.016667 0.025926
3 0.208073 0.675 0.015104 0.037037
2 0.227604 0.680556 0.017708 0.024074
2 0.270833 0.7 0.069792 0.101852
3 0.297396 0.640278 0.076042 0.186111
2 0.348438 0.677778 0.0375 0.027778
2 0.388021 0.688426 0.061458 0.089815
2 0.482031 0.669907 0.051562 0.036111
0 0.584896 0.673611 0.010417 0.043519
0 0.675521 0.678241 0.007292 0.04537
0 0.655208 0.672222 0.0125 0.044444
0 0.7 0.676389 0.0125 0.049074
0 0.713802 0.675926 0.014063 0.062963
0 0.738802 0.678704 0.013021 0.068519
