2 0.042969 0.656481 0.085938 0.074074
1 0.214844 0.668519 0.015104 0.040741
0 0.233854 0.667593 0.007292 0.040741
0 0.292969 0.6625 0.010937 0.049074
2 0.34349 0.666667 0.025521 0.035185
2 0.358073 0.657407 0.034896 0.05
3 0.379948 0.649537 0.039062 0.069444
2 0.469792 0.664815 0.01875 0.031481
2 0.490625 0.67037 0.026042 0.033333
2 0.583073 0.67037 0.058854 0.053704
2 0.634375 0.672685 0.127083 0.080556
3 0.664583 0.659722 0.06875 0.078704
0 0.728646 0.682407 0.014583 0.046296
2 0.827604 0.683796 0.138542 0.073148
2 0.947396 0.684722 0.105208 0.062037
