2 0.841667 0.700463 0.267708 0.25463
3 0.035417 0.593519 0.070833 0.112963
2 0.175 0.608333 0.046875 0.048148
4 0.484635 0.60463 0.031771 0.05
4 0.451042 0.602315 0.034375 0.047222
4 0.41875 0.599537 0.03125 0.043519
2 0.515104 0.617593 0.016667 0.022222
2 0.548698 0.622685 0.033854 0.037963
2 0.742969 0.616204 0.039062 0.043519
2 0.71276 0.617593 0.043229 0.040741
2 0.647135 0.627315 0.081771 0.137963
0 0.482552 0.621759 0.011979 0.047222
2 0.11849 0.608333 0.090104 0.046296
1 0.995573 0.619907 0.008854 0.041667
