3 0.074479 0.593056 0.116667 0.260185
1 0.201042 0.646759 0.04375 0.084259
1 0.345573 0.646296 0.056771 0.090741
1 0.43125 0.651389 0.052083 0.089815
1 0.421094 0.652315 0.058854 0.100926
2 0.452083 0.639352 0.026042 0.047222
2 0.496615 0.650463 0.051562 0.073148
1 0.510677 0.651389 0.045312 0.102778
1 0.546094 0.655093 0.064062 0.108333
1 0.580729 0.650926 0.040625 0.083333
1 0.647656 0.65463 0.018229 0.059259
0 0.678125 0.648148 0.009375 0.042593
2 0.738802 0.641204 0.067187 0.047222
0 0.744271 0.652315 0.009375 0.075
1 0.76901 0.647685 0.013021 0.065741
1 0.785156 0.656019 0.054688 0.086111
2 0.827344 0.657407 0.122396 0.092593
2 0.923438 0.604167 0.154167 0.278704
0 0.980469 0.719444 0.041146 0.424074
