0 0.844271 0.675926 0.028125 0.111111
0 0.808854 0.659722 0.010417 0.067593
0 0.775521 0.659259 0.011458 0.059259
0 0.765365 0.65787 0.010937 0.062037
0 0.717187 0.655556 0.014583 0.059259
0 0.704427 0.659722 0.008854 0.041667
0 0.695312 0.656481 0.0125 0.057407
0 0.661458 0.65463 0.008333 0.042593
2 0.586458 0.668981 0.065625 0.080556
2 0.520573 0.643981 0.025521 0.036111
4 0.523438 0.632407 0.021875 0.044444
2 0.488281 0.64537 0.035937 0.057407
2 0.452083 0.635185 0.0125 0.02037
2 0.423177 0.638426 0.016146 0.023148
2 0.376302 0.635648 0.041146 0.032407
0 0.313021 0.637037 0.005208 0.027778
0 0.285417 0.639352 0.008333 0.039815
0 0.277344 0.638889 0.007812 0.037037
