2 0.155729 0.605556 0.076042 0.061111
2 0.175 0.605093 0.067708 0.052778
2 0.183594 0.602315 0.075521 0.050926
2 0.211198 0.602778 0.057812 0.044444
2 0.248177 0.605093 0.059896 0.039815
2 0.263802 0.600926 0.046354 0.040741
1 0.324479 0.616667 0.0125 0.037037
1 0.349479 0.617593 0.011458 0.038889
2 0.423958 0.613426 0.009375 0.017593
3 0.448698 0.591204 0.039062 0.080556
2 0.453385 0.621296 0.035937 0.053704
2 0.476823 0.61713 0.013021 0.026852
0 0.858333 0.656481 0.045833 0.17037
0 0.80026 0.657407 0.026562 0.161111
