2 0.951302 0.689352 0.097396 0.165741
2 0.857812 0.711111 0.185417 0.159259
2 0.795312 0.644444 0.08125 0.075926
2 0.736198 0.750463 0.204687 0.241667
2 0.557031 0.661574 0.049479 0.063889
2 0.470573 0.635185 0.027604 0.040741
2 0.460417 0.627315 0.03125 0.037963
2 0.43724 0.620833 0.030729 0.034259
2 0.210677 0.676389 0.054688 0.060185
1 0.066146 0.6875 0.029167 0.047222
1 0.04974 0.686574 0.023438 0.041667
2 0.513802 0.625463 0.028646 0.034259
2 0.533854 0.604167 0.019792 0.032407
2 0.668229 0.656944 0.064583 0.080556
2 0.620052 0.649074 0.051562 0.062963
2 0.577344 0.630556 0.038021 0.05
1 0.728385 0.611574 0.010937 0.034259
2 0.820052 0.587037 0.033854 0.024074
4 0.285938 0.611574 0.05625 0.047222
2 0.378646 0.61713 0.017708 0.023148
2 0.360677 0.618519 0.021354 0.027778
5 0.229687 0.624537 0.023958 0.032407
1 0.134635 0.637963 0.008854 0.02963
2 0.552604 0.618056 0.027083 0.036111
2 0.5 0.612037 0.014583 0.027778
