0 0.10026 0.675463 0.033854 0.162037
2 0.257031 0.657407 0.103646 0.138889
1 0.389583 0.619444 0.017708 0.075926
1 0.427604 0.593056 0.010417 0.037963
1 0.474479 0.598611 0.009375 0.050926
2 0.483073 0.587963 0.039062 0.051852
2 0.51875 0.585648 0.033333 0.065741
0 0.891927 0.627315 0.024479 0.125
0 0.811979 0.603241 0.014583 0.087963
0 0.804427 0.59213 0.013021 0.086111
2 0.923177 0.799537 0.152604 0.399074
2 0.804427 0.769444 0.231771 0.266667
2 0.711979 0.698148 0.121875 0.166667
2 0.652344 0.661111 0.090104 0.125926
2 0.633594 0.619907 0.063021 0.112037
2 0.596354 0.614352 0.046875 0.078704
0 0.151302 0.65 0.009896 0.077778
0 0.520573 0.585648 0.024479 0.062037
2 0.564323 0.591667 0.031771 0.046296
2 0.55625 0.585648 0.028125 0.043519
1 0.446094 0.588889 0.008854 0.038889
