3 0.167187 0.507407 0.336458 0.988889
3 0.35026 0.576852 0.124479 0.274074
2 0.454687 0.779167 0.15625 0.243519
2 0.473698 0.652315 0.068229 0.082407
2 0.447656 0.628704 0.039062 0.05
1 0.563281 0.652315 0.018229 0.076852
1 0.542708 0.635185 0.0125 0.053704
1 0.53099 0.633796 0.011979 0.052778
1 0.51276 0.629167 0.011979 0.050926
1 0.49974 0.619444 0.009896 0.037037
0 0.690625 0.626852 0.007292 0.046296
0 0.703646 0.620833 0.00625 0.036111
2 0.758333 0.646296 0.060417 0.051852
2 0.85 0.644907 0.097917 0.063889
2 0.928646 0.677778 0.133333 0.07963
