2 0.351562 0.588426 0.015625 0.023148
3 0.370052 0.573611 0.020313 0.037963
3 0.390625 0.569907 0.016667 0.030556
3 0.396354 0.591204 0.023958 0.036111
2 0.370312 0.600463 0.034375 0.050926
2 0.40625 0.6 0.028125 0.037037
2 0.43099 0.604167 0.035937 0.052778
2 0.45625 0.614352 0.046875 0.060185
3 0.467708 0.57963 0.0375 0.07037
2 0.48151 0.623148 0.061979 0.081481
2 0.503385 0.598148 0.045312 0.075926
2 0.542708 0.646296 0.10625 0.122222
2 0.608854 0.643981 0.079167 0.093519
2 0.864844 0.7125 0.240104 0.193519
