0 0.715104 0.611111 0.011458 0.046296
0 0.697135 0.613889 0.009896 0.042593
2 0.651563 0.624537 0.066667 0.058333
1 0.591406 0.671296 0.035937 0.17963
0 0.57474 0.637963 0.021354 0.118519
2 0.564323 0.626852 0.034896 0.033333
0 0.542448 0.639815 0.014063 0.075926
0 0.526042 0.619907 0.008333 0.034259
2 0.528385 0.619907 0.034896 0.034259
0 0.132812 0.660648 0.048958 0.193519
1 0.065104 0.627778 0.071875 0.144444
2 0.022135 0.594444 0.043229 0.072222
2 0.059375 0.594907 0.086458 0.073148
2 0.096094 0.589352 0.070312 0.071296
2 0.167187 0.635648 0.155208 0.169444
1 0.271354 0.619444 0.014583 0.057407
0 0.2625 0.615741 0.009375 0.046296
2 0.295833 0.6125 0.026042 0.025
1 0.31849 0.621759 0.015104 0.05463
1 0.345833 0.624074 0.011458 0.051852
1 0.33776 0.62037 0.009896 0.033333
2 0.376563 0.622685 0.020833 0.028704
2 0.391146 0.614352 0.016667 0.028704
2 0.4125 0.629167 0.035417 0.058333
2 0.432812 0.625 0.013542 0.02037
1 0.438802 0.625926 0.007812 0.031481
