2 0.202604 0.678241 0.207292 0.225
4 0.310417 0.625926 0.04375 0.051852
2 0.340365 0.621296 0.026562 0.040741
4 0.332552 0.603704 0.036979 0.059259
2 0.370312 0.62963 0.038542 0.053704
2 0.388021 0.625926 0.022917 0.040741
2 0.396875 0.623148 0.019792 0.037037
2 0.407812 0.622685 0.017708 0.026852
3 0.398698 0.606481 0.018229 0.040741
2 0.427083 0.619444 0.019792 0.02963
2 0.458854 0.623148 0.034375 0.02963
1 0.50599 0.635185 0.013021 0.042593
1 0.49375 0.633333 0.010417 0.040741
1 0.5375 0.643981 0.017708 0.062037
1 0.60026 0.662963 0.030729 0.107407
