2 0.023698 0.699074 0.047396 0.17037
2 0.092969 0.700463 0.111979 0.113889
2 0.176823 0.7 0.066146 0.083333
2 0.222135 0.688889 0.054688 0.072222
2 0.25651 0.673148 0.053646 0.07963
2 0.321615 0.675 0.031771 0.037037
1 0.38776 0.681481 0.024479 0.053704
2 0.361458 0.66713 0.017708 0.036111
2 0.439844 0.671759 0.020313 0.030556
1 0.477865 0.674074 0.007812 0.033333
4 0.479167 0.660648 0.021875 0.043519
2 0.5375 0.679167 0.042708 0.071296
2 0.5625 0.681944 0.05 0.089815
2 0.57526 0.700463 0.046354 0.076852
2 0.603906 0.703704 0.059896 0.092593
2 0.751302 0.72963 0.300521 0.35
2 0.9375 0.762963 0.123958 0.290741
