2 0.054948 0.67963 0.108854 0.081481
2 0.184635 0.684722 0.114062 0.080556
2 0.297135 0.70463 0.136979 0.17037
2 0.39401 0.70787 0.056771 0.076852
2 0.421354 0.703704 0.036458 0.055556
2 0.447135 0.700463 0.021354 0.032407
2 0.540365 0.708796 0.030729 0.041667
4 0.622917 0.680556 0.116667 0.203704
1 0.688802 0.720833 0.018229 0.060185
1 0.711719 0.725 0.016146 0.057407
1 0.730208 0.727778 0.014583 0.062963
1 0.745052 0.731019 0.015104 0.069444
1 0.7875 0.735648 0.025 0.082407
1 0.838021 0.740741 0.034375 0.098148
1 0.888021 0.743981 0.036458 0.087963
0 0.99375 0.736574 0.013542 0.093519
