2 0.701302 0.77963 0.249479 0.325926
2 0.688802 0.596296 0.047396 0.033333
1 0.66875 0.598611 0.017708 0.030556
2 0.646094 0.586111 0.014063 0.018519
1 0.621094 0.605093 0.017188 0.032407
3 0.567969 0.596759 0.095312 0.167593
3 0.453906 0.558796 0.153646 0.375
3 0.359375 0.588889 0.022917 0.033333
1 0.338021 0.593981 0.011458 0.028704
2 0.298698 0.611111 0.048438 0.068519
2 0.253646 0.644907 0.090625 0.110185
2 0.192188 0.589815 0.030208 0.02963
1 0.195833 0.626389 0.019792 0.05463
0 0.073698 0.622222 0.014063 0.072222
