0 0.134896 0.628241 0.008333 0.047222
1 0.208073 0.624074 0.009896 0.037037
0 0.197396 0.627315 0.007292 0.037963
2 0.175781 0.622222 0.038021 0.027778
3 0.190104 0.605093 0.06875 0.050926
4 0.35 0.606944 0.036458 0.050926
2 0.380208 0.644907 0.083333 0.100926
2 0.409115 0.640278 0.047396 0.076852
2 0.42474 0.63287 0.033854 0.056481
2 0.447396 0.623611 0.03125 0.049074
2 0.459896 0.621759 0.020833 0.036111
2 0.476823 0.615741 0.015104 0.025926
2 0.542188 0.655093 0.11875 0.184259
2 0.736198 0.743981 0.350521 0.387963
0 0.869531 0.657407 0.021354 0.057407
