1 0.026562 0.606944 0.022917 0.063889
2 0.078646 0.598148 0.052083 0.055556
2 0.125521 0.631481 0.144792 0.12963
2 0.322656 0.628704 0.073438 0.087037
2 0.404948 0.611574 0.030729 0.049074
2 0.432031 0.600926 0.017188 0.024074
2 0.455208 0.621296 0.029167 0.046296
2 0.445833 0.595833 0.014583 0.019444
2 0.472135 0.602778 0.015104 0.022222
2 0.488542 0.614352 0.021875 0.030556
2 0.467969 0.582407 0.016146 0.027778
2 0.502344 0.599074 0.014063 0.02037
1 0.542708 0.616204 0.010417 0.039815
2 0.457031 0.5875 0.009896 0.013889
