0 0.992969 0.619444 0.013021 0.075926
4 0.752344 0.579167 0.205729 0.143519
2 0.409635 0.86713 0.301563 0.265741
2 0.026302 0.659722 0.052604 0.052778
2 0.036979 0.683796 0.073958 0.067593
2 0.101042 0.666204 0.095833 0.05463
2 0.170313 0.641204 0.021875 0.037963
2 0.245573 0.639352 0.020313 0.030556
2 0.066927 0.885648 0.133854 0.228704
2 0.331771 0.622685 0.016667 0.021296
2 0.344271 0.625926 0.01875 0.025926
2 0.385417 0.634722 0.069792 0.062037
2 0.47474 0.625926 0.150521 0.109259
2 0.375 0.634259 0.059375 0.05
2 0.566146 0.618056 0.047917 0.036111
2 0.314063 0.62037 0.013542 0.02037
