2 0.955208 0.69213 0.090625 0.100926
2 0.933854 0.673148 0.077083 0.088889
1 0.913021 0.701389 0.09375 0.165741
3 0.863281 0.640278 0.081771 0.102778
2 0.810937 0.669907 0.077083 0.086111
3 0.764844 0.640278 0.018229 0.036111
2 0.751042 0.664352 0.040625 0.056481
2 0.68151 0.662963 0.047396 0.074074
2 0.646094 0.657407 0.029687 0.040741
2 0.630729 0.659259 0.032292 0.055556
2 0.61901 0.665741 0.045312 0.059259
1 0.539323 0.666204 0.022396 0.065741
1 0.497396 0.66713 0.020833 0.067593
0 0.488802 0.658796 0.013021 0.058333
1 0.469531 0.668056 0.019271 0.062037
1 0.421094 0.666667 0.031771 0.066667
2 0.079687 0.684722 0.158333 0.215741
