2 0.047656 0.713889 0.095312 0.125926
1 0.123177 0.691204 0.024479 0.041667
2 0.172135 0.686574 0.049479 0.052778
3 0.208333 0.682407 0.030208 0.055556
3 0.295833 0.590278 0.207292 0.419444
2 0.505469 0.734259 0.410938 0.531481
1 0.68724 0.721296 0.044271 0.212963
1 0.703385 0.726389 0.040104 0.176852
0 0.758333 0.669907 0.016667 0.065741
1 0.785937 0.729167 0.064583 0.186111
0 0.821094 0.663426 0.017188 0.071296
0 0.83125 0.662963 0.014583 0.077778
1 0.840365 0.725463 0.057812 0.171296
1 0.87526 0.739352 0.067187 0.213889
1 0.885677 0.678704 0.027604 0.085185
0 0.903906 0.674537 0.023438 0.087963
0 0.917708 0.674537 0.014583 0.076852
0 0.945312 0.665278 0.01875 0.071296
0 0.928646 0.671759 0.0125 0.073148
0 0.976562 0.674537 0.01875 0.093519
0 0.992448 0.683333 0.014063 0.107407
4 0.94349 0.6375 0.110937 0.14537
