1 0.075 0.653241 0.032292 0.086111
0 0.027083 0.655556 0.013542 0.061111
0 0.014844 0.652315 0.014063 0.067593
1 0.096354 0.655093 0.030208 0.058333
0 0.189583 0.651852 0.011458 0.059259
2 0.263542 0.668056 0.096875 0.110185
2 0.298177 0.650926 0.044271 0.059259
2 0.406771 0.644444 0.022917 0.035185
2 0.429688 0.644907 0.022917 0.034259
2 0.485156 0.64213 0.102604 0.215741
2 0.542448 0.661574 0.055729 0.112037
2 0.601042 0.669907 0.065625 0.080556
2 0.64375 0.660648 0.069792 0.076852
1 0.710156 0.672222 0.016146 0.061111
2 0.888802 0.769907 0.221354 0.458333
