0 0.71276 0.649537 0.005729 0.034259
1 0.565104 0.670833 0.01875 0.080556
2 0.596875 0.646759 0.010417 0.017593
2 0.552083 0.643519 0.014583 0.025926
2 0.515885 0.646296 0.015104 0.014815
2 0.47474 0.649074 0.021354 0.022222
1 0.419271 0.64537 0.010417 0.046296
2 0.365104 0.646759 0.0375 0.026852
2 0.322135 0.655556 0.068229 0.053704
2 0.260417 0.657407 0.107292 0.083333
2 0.2375 0.666204 0.119792 0.076852
2 0.120573 0.677315 0.179688 0.115741
2 0.078906 0.686574 0.156771 0.130556
2 0.033333 0.693981 0.065625 0.165741
3 0.535937 0.639352 0.0125 0.023148
