3 0.847396 0.625926 0.305208 0.748148
2 0.532552 0.598148 0.029687 0.051852
2 0.389844 0.603704 0.040104 0.05
2 0.315885 0.605556 0.044271 0.059259
2 0.282552 0.608796 0.033854 0.047222
2 0.354167 0.597222 0.023958 0.033333
2 0.413021 0.5875 0.01875 0.034259
2 0.465365 0.576389 0.011979 0.021296
4 0.520573 0.565278 0.017188 0.037963
3 0.494792 0.564815 0.015625 0.040741
3 0.435937 0.558796 0.011458 0.032407
1 0.028646 0.645833 0.029167 0.067593
1 0.170313 0.613426 0.019792 0.041667
1 0.676042 0.587963 0.021875 0.037037
3 0.654427 0.583333 0.014063 0.033333
