0 0.089844 0.614815 0.009896 0.05
1 0.126823 0.628241 0.017188 0.047222
2 0.164844 0.602315 0.035937 0.037963
2 0.276302 0.612037 0.031771 0.038889
1 0.205469 0.613426 0.009896 0.036111
2 0.334896 0.601852 0.015625 0.024074
3 0.344531 0.584722 0.009896 0.021296
4 0.389583 0.585648 0.015625 0.037963
3 0.417448 0.593056 0.033854 0.080556
2 0.463021 0.615741 0.028125 0.033333
1 0.615104 0.649537 0.01875 0.062037
1 0.708854 0.681019 0.03125 0.093519
0 0.505469 0.607407 0.005729 0.024074
0 0.500521 0.606944 0.005208 0.028704
