2 0.203646 0.796296 0.222917 0.266667
2 0.415104 0.680093 0.047917 0.065741
3 0.425521 0.627778 0.054167 0.114815
2 0.480729 0.651389 0.028125 0.04537
2 0.520312 0.651389 0.03125 0.037963
2 0.551302 0.641204 0.018229 0.023148
2 0.575 0.648611 0.025 0.039815
3 0.602865 0.633796 0.022396 0.043519
2 0.620573 0.664352 0.048438 0.063889
2 0.753646 0.685185 0.102083 0.1
2 0.716927 0.6625 0.058854 0.071296
2 0.522135 0.825463 0.233854 0.34537
1 0.953385 0.638889 0.028646 0.044444
1 0.34375 0.661111 0.011458 0.035185
