2 0.108073 0.680093 0.096354 0.110185
2 0.178385 0.676389 0.060937 0.087963
2 0.272917 0.737963 0.196875 0.262963
2 0.384635 0.684722 0.082812 0.132407
2 0.457292 0.668519 0.015625 0.024074
1 0.468229 0.678241 0.017708 0.087963
2 0.485156 0.671759 0.014063 0.023148
1 0.493229 0.669444 0.014583 0.061111
4 0.507292 0.65463 0.039583 0.085185
2 0.518229 0.689815 0.057292 0.096296
2 0.545833 0.699074 0.077083 0.12963
2 0.602865 0.705093 0.149479 0.226852
2 0.776302 0.783333 0.316146 0.351852
2 0.93125 0.849074 0.133333 0.298148
