2 0.052865 0.8375 0.106771 0.321296
3 0.10026 0.606944 0.199479 0.100926
3 0.239062 0.601389 0.065625 0.110185
2 0.29974 0.624537 0.031771 0.028704
3 0.315625 0.609259 0.055208 0.037037
2 0.347396 0.612963 0.019792 0.024074
3 0.377344 0.589815 0.031771 0.074074
2 0.395313 0.630556 0.034375 0.046296
2 0.423698 0.615741 0.019271 0.031481
2 0.432812 0.609722 0.013542 0.021296
2 0.453125 0.618981 0.019792 0.028704
1 0.503646 0.618981 0.007292 0.028704
1 0.508594 0.618519 0.006771 0.025926
5 0.845833 0.656944 0.096875 0.106481
3 0.870573 0.619907 0.153646 0.093519
2 0.875781 0.621296 0.074479 0.072222
