0 0.035156 0.630556 0.017188 0.1
0 0.020052 0.638889 0.013021 0.077778
0 0.097135 0.641204 0.016146 0.080556
0 0.078385 0.643981 0.018229 0.086111
0 0.193229 0.641204 0.014583 0.078704
0 0.271354 0.644444 0.008333 0.061111
2 0.361198 0.655093 0.066146 0.069444
2 0.43151 0.646759 0.031771 0.041667
2 0.45 0.642593 0.01875 0.02963
2 0.511979 0.636574 0.022917 0.019444
2 0.492969 0.637963 0.009896 0.014815
2 0.457292 0.638426 0.014583 0.019444
2 0.471615 0.639815 0.016146 0.02037
2 0.934115 0.809722 0.129688 0.360185
0 0.977083 0.687963 0.038542 0.188889
2 0.808854 0.720833 0.248958 0.280556
2 0.693229 0.69213 0.101042 0.137963
2 0.621875 0.661111 0.084375 0.118519
2 0.585417 0.661574 0.040625 0.062037
2 0.564844 0.65 0.031771 0.048148
2 0.54974 0.6375 0.024479 0.043519
