2 0.720573 0.590278 0.054688 0.052778
2 0.667188 0.655556 0.125 0.135185
2 0.595313 0.640741 0.071875 0.087037
2 0.558333 0.624537 0.042708 0.069444
2 0.536979 0.62037 0.03125 0.051852
5 0.514844 0.634722 0.034896 0.123148
2 0.485156 0.606944 0.009896 0.017593
1 0.48151 0.613426 0.006771 0.030556
4 0.469271 0.606019 0.016667 0.030556
1 0.465885 0.6125 0.022396 0.036111
2 0.445573 0.603241 0.017188 0.017593
2 0.424479 0.608796 0.014583 0.023148
1 0.432552 0.60787 0.007812 0.026852
2 0.402083 0.60787 0.017708 0.021296
2 0.380208 0.610185 0.017708 0.027778
5 0.370833 0.611111 0.020833 0.031481
2 0.360677 0.6125 0.030729 0.039815
5 0.327344 0.59537 0.046354 0.081481
2 0.26224 0.612037 0.083854 0.05
2 0.257292 0.619444 0.05625 0.068519
0 0.221875 0.614352 0.010417 0.063889
2 0.060417 0.621296 0.119792 0.153704
