3 0.919531 0.716204 0.159896 0.567593
2 0.753906 0.698611 0.230729 0.339815
2 0.667708 0.622222 0.067708 0.053704
1 0.602865 0.610648 0.009896 0.036111
5 0.583594 0.612963 0.018229 0.044444
2 0.564844 0.609722 0.039062 0.034259
2 0.548438 0.619907 0.0375 0.060185
2 0.521094 0.805556 0.174479 0.285185
2 0.504167 0.666204 0.075 0.099074
2 0.504427 0.630556 0.052604 0.081481
4 0.461198 0.5875 0.008854 0.015741
2 0.458854 0.596296 0.011458 0.016667
2 0.446615 0.6 0.013021 0.022222
2 0.439583 0.599537 0.016667 0.030556
2 0.432292 0.603704 0.017708 0.02963
2 0.417448 0.606019 0.029687 0.047222
3 0.409375 0.5875 0.021875 0.041667
2 0.391927 0.603241 0.021354 0.028704
2 0.335156 0.619907 0.048438 0.056481
2 0.261719 0.580093 0.034896 0.028704
2 0.276302 0.581944 0.041146 0.026852
2 0.223437 0.581019 0.033333 0.028704
2 0.19401 0.580093 0.033854 0.030556
2 0.149479 0.57963 0.03125 0.02963
2 0.118229 0.576389 0.03125 0.028704
2 0.089844 0.575463 0.032813 0.026852
2 0.057031 0.574537 0.035937 0.028704
1 0.015885 0.605093 0.031771 0.052778
0 0.016406 0.596759 0.013021 0.067593
