2 0.050781 0.590278 0.055729 0.056481
2 0.095833 0.591667 0.046875 0.059259
2 0.119271 0.594907 0.067708 0.069444
2 0.203906 0.591667 0.145313 0.144444
1 0.276823 0.701389 0.201563 0.447222
0 0.367969 0.618519 0.023438 0.12963
3 0.324479 0.592593 0.167708 0.15
2 0.40625 0.61713 0.120833 0.091667
3 0.439323 0.591204 0.153646 0.137963
3 0.513021 0.59537 0.116667 0.109259
3 0.584375 0.600926 0.08125 0.085185
3 0.619531 0.592593 0.080729 0.088889
1 0.748958 0.635648 0.021875 0.080556
2 0.802344 0.620833 0.038021 0.025
2 0.718229 0.611574 0.020833 0.036111
2 0.686458 0.616204 0.029167 0.039815
2 0.891146 0.625 0.03125 0.044444
1 0.978125 0.668519 0.04375 0.214815
