1 0.71224 0.666204 0.023438 0.082407
2 0.641406 0.665741 0.116146 0.187037
2 0.502865 0.732407 0.191146 0.290741
3 0.34375 0.55787 0.170833 0.358333
1 0.246615 0.643981 0.011979 0.049074
0 0.2125 0.640741 0.00625 0.037037
0 0.201042 0.640741 0.00625 0.037037
0 0.195833 0.643056 0.005208 0.032407
0 0.176563 0.647685 0.00625 0.041667
0 0.13724 0.648148 0.008854 0.053704
0 0.126042 0.645833 0.011458 0.05463
1 0.107812 0.660648 0.03125 0.062037
1 0.096354 0.65 0.014583 0.061111
0 0.051302 0.655556 0.017188 0.081481
