3 0.809635 0.431481 0.379688 0.862963
2 0.479687 0.690278 0.146875 0.210185
3 0.205208 0.627778 0.085417 0.094444
1 0.261979 0.628241 0.011458 0.039815
2 0.295052 0.634259 0.043229 0.048148
2 0.36224 0.631019 0.038021 0.041667
2 0.388542 0.623148 0.029167 0.037037
2 0.416406 0.619444 0.020313 0.027778
2 0.608594 0.636111 0.036979 0.062963
2 0.585156 0.618981 0.023438 0.037963
2 0.553646 0.613426 0.014583 0.023148
3 0.023438 0.561111 0.046875 0.231481
2 0.53724 0.629167 0.035937 0.049074
2 0.569531 0.60463 0.010937 0.016667
