2 0.911198 0.809722 0.177604 0.382407
1 0.616146 0.653241 0.041667 0.063889
3 0.548698 0.62037 0.093229 0.098148
2 0.49349 0.640741 0.027604 0.038889
2 0.428125 0.685648 0.147917 0.223148
1 0.34974 0.642593 0.011979 0.040741
1 0.339844 0.643519 0.010937 0.040741
1 0.324479 0.641667 0.011458 0.044444
1 0.30625 0.643056 0.013542 0.039815
1 0.27526 0.643519 0.017188 0.042593
1 0.259375 0.647222 0.023958 0.068519
1 0.217448 0.648148 0.022396 0.055556
1 0.205729 0.647685 0.027083 0.047222
1 0.064323 0.647222 0.030729 0.046296
