2 0.092188 0.625 0.155208 0.077778
1 0.186198 0.636111 0.038021 0.105556
1 0.271875 0.637037 0.034375 0.087037
2 0.427865 0.705556 0.200521 0.287037
1 0.54349 0.630093 0.009896 0.039815
1 0.554427 0.627778 0.007812 0.031481
1 0.598177 0.641204 0.011979 0.062037
3 0.68099 0.643981 0.064062 0.047222
2 0.626563 0.625 0.022917 0.027778
2 0.68776 0.631481 0.033854 0.042593
2 0.769531 0.647222 0.133854 0.087037
2 0.815104 0.64537 0.086458 0.059259
2 0.90651 0.672222 0.122396 0.098148
2 0.942187 0.686574 0.114583 0.115741
