2 0.008073 0.702315 0.016146 0.052778
0 0.022135 0.704167 0.007812 0.043519
2 0.104427 0.750463 0.127604 0.137963
2 0.165625 0.715278 0.022917 0.026852
2 0.188021 0.716204 0.015625 0.025
3 0.26849 0.67963 0.164062 0.37963
2 0.38099 0.747222 0.036979 0.064815
2 0.388802 0.756944 0.041146 0.073148
1 0.426042 0.743519 0.008333 0.035185
1 0.440625 0.746759 0.009375 0.034259
1 0.457292 0.750926 0.010417 0.038889
1 0.467969 0.755093 0.010937 0.043519
1 0.477604 0.751852 0.008333 0.044444
1 0.491406 0.762037 0.014063 0.048148
1 0.56901 0.774074 0.015104 0.075926
0 0.609115 0.768056 0.014063 0.060185
1 0.721094 0.78287 0.039062 0.089815
1 0.745052 0.8125 0.050521 0.184259
1 0.969792 0.795833 0.051042 0.115741
