0 0.79401 0.649074 0.021354 0.085185
0 0.772656 0.648148 0.018229 0.087037
1 0.614062 0.649537 0.013542 0.065741
1 0.59401 0.646759 0.013021 0.056481
0 0.567969 0.637963 0.007812 0.033333
1 0.514844 0.643981 0.010937 0.037963
2 0.444531 0.668056 0.076563 0.110185
2 0.411979 0.644907 0.021875 0.037963
2 0.398958 0.638426 0.011458 0.021296
3 0.353646 0.609259 0.073958 0.144444
2 0.322656 0.6625 0.073438 0.091667
2 0.289583 0.649074 0.040625 0.059259
2 0.246615 0.656944 0.067187 0.075
2 0.189323 0.661574 0.093229 0.10463
2 0.084635 0.670833 0.161979 0.169444
