1 0.615625 0.700926 0.013542 0.053704
2 0.513802 0.684722 0.016146 0.021296
3 0.478125 0.6625 0.025 0.052778
2 0.48125 0.686574 0.01875 0.034259
2 0.471094 0.69213 0.026562 0.039815
3 0.465365 0.668056 0.019271 0.04537
3 0.367969 0.660648 0.025521 0.069444
2 0.333854 0.677778 0.023958 0.02037
2 0.266406 0.683796 0.030729 0.04537
3 0.202344 0.639815 0.139063 0.177778
2 0.091927 0.674537 0.048438 0.034259
2 0.066146 0.675 0.047917 0.033333
2 0.03776 0.675 0.047396 0.033333
2 0.017188 0.676852 0.033333 0.038889
