2 0.095052 0.668056 0.082812 0.067593
0 0.230729 0.67963 0.009375 0.038889
2 0.291146 0.685185 0.057292 0.057407
0 0.202604 0.677778 0.010417 0.046296
2 0.353646 0.69537 0.032292 0.040741
2 0.367188 0.690741 0.020833 0.037037
4 0.398177 0.680556 0.034896 0.053704
0 0.384635 0.688889 0.008854 0.055556
2 0.424219 0.696759 0.026562 0.037963
2 0.435677 0.692593 0.021354 0.040741
2 0.444531 0.692593 0.017188 0.02963
1 0.459635 0.69537 0.026562 0.051852
2 0.500781 0.696759 0.017188 0.023148
2 0.518229 0.696296 0.015625 0.025926
0 0.563281 0.703241 0.007812 0.047222
0 0.608594 0.708333 0.006771 0.040741
0 0.639062 0.706944 0.010417 0.047222
1 0.963542 0.723148 0.034375 0.062963
