0 0.010156 0.629167 0.020313 0.084259
2 0.083594 0.669444 0.167187 0.140741
2 0.186979 0.655093 0.098958 0.115741
2 0.258854 0.655093 0.075 0.076852
2 0.29401 0.643056 0.050521 0.071296
2 0.342187 0.662037 0.091667 0.103704
2 0.409115 0.647222 0.043229 0.057407
2 0.513021 0.662963 0.0625 0.140741
2 0.488542 0.686574 0.110417 0.167593
0 0.650781 0.65463 0.010937 0.061111
0 0.665365 0.648148 0.013021 0.075926
0 0.79349 0.663426 0.020313 0.130556
0 0.970052 0.675926 0.035937 0.196296
0 0.917187 0.707407 0.065625 0.32037
