2 0.772917 0.683333 0.213542 0.216667
2 0.670052 0.636574 0.107812 0.169444
1 0.567708 0.638426 0.03125 0.149074
2 0.563542 0.61713 0.052083 0.086111
2 0.541927 0.618056 0.036979 0.065741
2 0.528646 0.619444 0.028125 0.046296
3 0.522917 0.610185 0.03125 0.055556
2 0.505729 0.6125 0.021875 0.037963
2 0.48776 0.610185 0.013021 0.02037
1 0.485677 0.605093 0.007812 0.036111
2 0.477083 0.60463 0.011458 0.016667
2 0.445052 0.602315 0.008854 0.012037
2 0.427604 0.60463 0.013542 0.022222
2 0.410417 0.615278 0.023958 0.032407
1 0.36224 0.607407 0.007812 0.042593
2 0.286458 0.649537 0.109375 0.126852
0 0.16224 0.613889 0.010937 0.07037
2 0.345313 0.607407 0.019792 0.025926
