0 0.826302 0.706944 0.023438 0.175
2 0.559115 0.689352 0.038021 0.052778
2 0.468229 0.655556 0.007292 0.016667
2 0.457552 0.66713 0.019271 0.032407
1 0.459896 0.680093 0.014583 0.036111
1 0.43776 0.661574 0.005729 0.021296
1 0.427344 0.66713 0.006771 0.025
2 0.383854 0.682407 0.028125 0.044444
2 0.371094 0.684259 0.032813 0.05
2 0.35026 0.687037 0.041146 0.061111
2 0.32474 0.691204 0.057812 0.075
2 0.284375 0.688889 0.070833 0.103704
2 0.235677 0.700926 0.099479 0.116667
1 0.185677 0.724074 0.101562 0.225926
2 0.135156 0.697222 0.157812 0.188889
