0 0.796094 0.650926 0.019271 0.109259
1 0.615365 0.644444 0.014063 0.053704
2 0.42474 0.685648 0.093229 0.136111
2 0.386979 0.636574 0.011458 0.017593
2 0.374219 0.638426 0.018229 0.026852
2 0.360938 0.641204 0.022917 0.037963
2 0.351562 0.645833 0.03125 0.047222
2 0.332813 0.648611 0.04375 0.063889
2 0.27474 0.66713 0.070312 0.091667
4 0.232552 0.621296 0.102604 0.12963
2 0.197656 0.678704 0.123437 0.157407
1 0.152083 0.653241 0.016667 0.04537
2 0.032031 0.653241 0.064062 0.056481
2 0.02526 0.698611 0.050521 0.152778
