1 0.085938 0.661574 0.030208 0.091667
1 0.203646 0.675 0.075 0.125926
2 0.213281 0.652315 0.053646 0.047222
2 0.280729 0.650463 0.041667 0.041667
2 0.303125 0.643519 0.03125 0.046296
2 0.335938 0.650463 0.036458 0.047222
2 0.358333 0.643056 0.026042 0.041667
2 0.385417 0.652315 0.036458 0.043519
2 0.4125 0.641667 0.020833 0.035185
3 0.420312 0.628704 0.022917 0.053704
0 0.488281 0.658796 0.014063 0.058333
4 0.521875 0.631019 0.023958 0.049074
3 0.676042 0.664815 0.145833 0.1
0 0.797656 0.67037 0.018229 0.074074
