2 0.059115 0.65787 0.118229 0.169444
2 0.605729 0.601852 0.04375 0.064815
2 0.643229 0.611111 0.029167 0.040741
4 0.664062 0.597222 0.042708 0.053704
2 0.68125 0.611574 0.020833 0.025
2 0.697656 0.606019 0.025521 0.050926
2 0.716667 0.611111 0.021875 0.027778
2 0.732812 0.610185 0.023958 0.031481
2 0.75625 0.609722 0.032292 0.037963
2 0.788542 0.614352 0.034375 0.032407
2 0.822917 0.612963 0.040625 0.038889
3 0.877604 0.586111 0.064583 0.098148
2 0.958594 0.618519 0.082812 0.157407
2 0.964062 0.713889 0.071875 0.253704
3 0.733073 0.588889 0.045312 0.040741
