2 0.117969 0.643981 0.023438 0.023148
2 0.180469 0.638426 0.071354 0.050926
2 0.166667 0.651852 0.064583 0.037037
2 0.140365 0.638889 0.019271 0.02963
0 0.26875 0.656481 0.008333 0.038889
2 0.391406 0.663889 0.039062 0.048148
2 0.451302 0.656944 0.015104 0.019444
3 0.455729 0.649074 0.015625 0.035185
2 0.486979 0.669907 0.041667 0.067593
2 0.502344 0.665278 0.023438 0.049074
2 0.534635 0.664352 0.021354 0.034259
2 0.580469 0.687963 0.063021 0.092593
0 0.614844 0.672222 0.009896 0.038889
1 0.754948 0.70463 0.024479 0.081481
0 0.853125 0.66713 0.010417 0.04537
0 0.877604 0.669444 0.0125 0.042593
0 0.240625 0.655556 0.008333 0.035185
