2 0.971354 0.797222 0.057292 0.127778
2 0.885677 0.768519 0.190104 0.15
1 0.754687 0.783333 0.044792 0.174074
0 0.7 0.743056 0.013542 0.069444
0 0.685417 0.745833 0.011458 0.076852
0 0.667969 0.747685 0.014063 0.071296
0 0.657552 0.746759 0.011979 0.082407
0 0.617708 0.748148 0.011458 0.077778
1 0.582812 0.755093 0.023958 0.089815
1 0.549219 0.747685 0.014063 0.056481
4 0.508854 0.709259 0.015625 0.022222
2 0.490365 0.712037 0.010937 0.018519
2 0.480729 0.718981 0.01875 0.026852
2 0.461198 0.71713 0.016146 0.023148
4 0.432552 0.706019 0.039062 0.056481
2 0.409896 0.714352 0.028125 0.041667
2 0.372656 0.726389 0.027604 0.034259
3 0.349479 0.716204 0.053125 0.056481
3 0.285677 0.687963 0.110937 0.12963
2 0.21901 0.727315 0.057812 0.067593
2 0.123698 0.789352 0.242188 0.273148
3 0.103646 0.662037 0.20625 0.264815
