2 0.170573 0.757407 0.279687 0.253704
2 0.035937 0.71713 0.072917 0.158333
4 0.098437 0.661574 0.196875 0.260185
2 0.276302 0.700463 0.052604 0.067593
2 0.316667 0.696759 0.0375 0.05463
4 0.336198 0.674074 0.046354 0.077778
4 0.37474 0.677778 0.029687 0.061111
2 0.411458 0.693056 0.034375 0.052778
3 0.454948 0.684259 0.016146 0.037037
2 0.428906 0.691667 0.018229 0.027778
2 0.520833 0.657407 0.015625 0.027778
0 0.551042 0.693056 0.009375 0.04537
1 0.638802 0.732407 0.030729 0.125926
1 0.661979 0.732407 0.026042 0.1
0 0.730469 0.738889 0.021354 0.087037
1 0.851823 0.756944 0.058854 0.193519
