2 0.024219 0.691204 0.048438 0.128704
0 0.145833 0.651852 0.013542 0.062963
0 0.169531 0.648148 0.009896 0.062963
0 0.179948 0.648148 0.008854 0.062963
0 0.217448 0.64537 0.007812 0.051852
0 0.247135 0.644444 0.007812 0.044444
0 0.273698 0.644444 0.007812 0.046296
2 0.440104 0.637963 0.030208 0.042593
2 0.533073 0.633796 0.020313 0.034259
2 0.56224 0.63287 0.016146 0.025
2 0.683333 0.666667 0.097917 0.111111
2 0.509115 0.622222 0.009896 0.011111
2 0.503125 0.628241 0.011458 0.015741
0 0.802344 0.638889 0.011979 0.040741
2 0.490104 0.627778 0.0125 0.012963
