1 0.114844 0.705093 0.025521 0.086111
2 0.233594 0.666204 0.022396 0.019444
2 0.28776 0.666667 0.017188 0.018519
2 0.328125 0.675 0.022917 0.035185
2 0.348177 0.668056 0.022396 0.021296
2 0.382812 0.669444 0.016667 0.02037
2 0.405208 0.668981 0.025 0.028704
0 0.441667 0.672222 0.007292 0.022222
2 0.464844 0.680556 0.041146 0.083333
2 0.489583 0.672685 0.023958 0.050926
2 0.511198 0.681481 0.032813 0.059259
2 0.535937 0.680556 0.05625 0.077778
1 0.766146 0.692593 0.0375 0.090741
2 0.833854 0.694907 0.108333 0.089815
2 0.926042 0.69537 0.145833 0.109259
