2 0.064062 0.641204 0.0375 0.025
2 0.120833 0.637037 0.034375 0.027778
2 0.15 0.637963 0.030208 0.022222
2 0.260417 0.631481 0.042708 0.027778
2 0.315365 0.628704 0.031771 0.024074
2 0.35651 0.815278 0.242188 0.321296
2 0.41875 0.643981 0.033333 0.047222
2 0.477865 0.640741 0.032813 0.05
2 0.554688 0.638889 0.041667 0.07037
2 0.529167 0.63287 0.030208 0.041667
2 0.51901 0.629167 0.028646 0.037963
4 0.515625 0.614815 0.078125 0.062963
4 0.605208 0.605093 0.045833 0.041667
2 0.222917 0.641204 0.026042 0.023148
2 0.429688 0.640278 0.026042 0.037963
