2 0.027083 0.630093 0.054167 0.080556
2 0.064583 0.647222 0.080208 0.07037
2 0.172396 0.640741 0.085417 0.068519
2 0.229427 0.639815 0.067187 0.057407
2 0.322396 0.659722 0.053125 0.063889
1 0.345573 0.6625 0.024479 0.089815
1 0.384896 0.651389 0.014583 0.043519
2 0.392448 0.637037 0.033854 0.025926
2 0.514844 0.643981 0.018229 0.025
2 0.534115 0.641204 0.011979 0.017593
1 0.558854 0.649074 0.008333 0.035185
1 0.563542 0.648148 0.008333 0.033333
1 0.57526 0.655093 0.011979 0.047222
1 0.602865 0.655093 0.013021 0.050926
1 0.649479 0.673148 0.033333 0.112963
2 0.499219 0.6375 0.008854 0.013889
