2 0.459375 0.639352 0.054167 0.078704
1 0.49401 0.623611 0.005729 0.023148
1 0.523177 0.631019 0.009896 0.041667
2 0.59974 0.627778 0.024479 0.027778
0 0.581771 0.626389 0.00625 0.034259
0 0.574219 0.624537 0.006771 0.026852
1 0.630469 0.647222 0.026562 0.066667
2 0.651823 0.625463 0.036979 0.047222
0 0.666146 0.642593 0.013542 0.077778
1 0.689844 0.674074 0.032813 0.162963
2 0.752865 0.637963 0.044271 0.053704
0 0.765885 0.644907 0.022396 0.117593
0 0.93125 0.663889 0.034375 0.164815
2 0.953646 0.643981 0.090625 0.193519
2 0.898438 0.650926 0.090625 0.083333
