2 0.507292 0.591204 0.064583 0.047222
3 0.491146 0.557407 0.016667 0.035185
2 0.479948 0.574537 0.016146 0.026852
2 0.461458 0.58287 0.022917 0.030556
2 0.456771 0.617593 0.04375 0.061111
2 0.4375 0.577778 0.017708 0.027778
2 0.430469 0.560648 0.024479 0.037963
2 0.421094 0.584259 0.027604 0.033333
2 0.410677 0.569907 0.018229 0.025
2 0.40026 0.575463 0.017188 0.026852
2 0.389583 0.576389 0.021875 0.036111
2 0.376302 0.580093 0.024479 0.036111
2 0.358073 0.584259 0.028646 0.037037
2 0.365104 0.614352 0.036458 0.065741
2 0.339844 0.625463 0.052604 0.071296
2 0.329688 0.580556 0.028125 0.035185
2 0.298698 0.600463 0.038021 0.052778
2 0.271615 0.606944 0.044271 0.056481
2 0.239844 0.609259 0.063021 0.083333
2 0.175 0.644444 0.092708 0.103704
2 0.176042 0.603241 0.06875 0.084259
2 0.263021 0.791667 0.279167 0.353704
0 0.08099 0.591667 0.010937 0.05
2 0.103125 0.636574 0.091667 0.093519
2 0.064583 0.689352 0.129167 0.130556
2 0.029687 0.619907 0.059375 0.100926
