0 0.334635 0.64213 0.016146 0.086111
2 0.307552 0.627315 0.051562 0.086111
3 0.030469 0.637037 0.061979 0.103704
4 0.183854 0.61713 0.242708 0.230556
2 0.516406 0.860648 0.315104 0.276852
2 0.503906 0.618981 0.025521 0.034259
2 0.514323 0.622685 0.022396 0.032407
2 0.541927 0.628704 0.028646 0.037037
2 0.70599 0.6625 0.153646 0.084259
1 0.790365 0.739815 0.099479 0.192593
2 0.883073 0.651389 0.149479 0.082407
1 0.742969 0.631944 0.014063 0.047222
2 0.473177 0.621296 0.021354 0.02963
2 0.475781 0.610185 0.018229 0.040741
