2 0.059115 0.687037 0.118229 0.148148
0 0.095312 0.656481 0.027083 0.142593
0 0.041927 0.65463 0.024479 0.125926
2 0.383854 0.639352 0.090625 0.123148
2 0.425781 0.657407 0.041146 0.068519
2 0.474219 0.647222 0.034896 0.033333
2 0.503385 0.651389 0.033854 0.032407
2 0.528906 0.653704 0.033854 0.035185
2 0.554167 0.655556 0.030208 0.040741
2 0.584375 0.656481 0.033333 0.048148
2 0.614062 0.664815 0.055208 0.07963
2 0.913802 0.719907 0.171354 0.19537
2 0.798698 0.681019 0.083854 0.093519
2 0.746354 0.669444 0.057292 0.068519
