0 0.01901 0.699074 0.036979 0.137037
0 0.096094 0.677778 0.021354 0.07963
0 0.108594 0.672685 0.018229 0.089815
1 0.203125 0.667593 0.016667 0.068519
0 0.281771 0.676389 0.01875 0.112037
2 0.261458 0.641667 0.0375 0.046296
2 0.307812 0.658796 0.055208 0.067593
0 0.074479 0.680556 0.014583 0.074074
0 0.41224 0.786111 0.084896 0.27037
0 0.441146 0.698148 0.075 0.388889
0 0.545573 0.789815 0.090104 0.283333
0 0.625 0.748148 0.107292 0.37963
0 0.696354 0.736574 0.090625 0.30463
2 0.665885 0.663426 0.042188 0.052778
1 0.774479 0.685185 0.05625 0.127778
0 0.815625 0.69213 0.029167 0.202778
0 0.895052 0.735648 0.070312 0.282407
0 0.927865 0.777315 0.041146 0.226852
0 0.961458 0.7875 0.076042 0.375
0 0.846615 0.686111 0.021354 0.112963
1 0.171875 0.668056 0.030208 0.069444
2 0.441406 0.694444 0.363021 0.266667
