1 0.088802 0.650463 0.038021 0.056481
2 0.135156 0.640278 0.077604 0.052778
1 0.234375 0.643981 0.035417 0.056481
1 0.271354 0.640741 0.0125 0.033333
1 0.279687 0.639352 0.019792 0.037963
1 0.290885 0.639352 0.007812 0.034259
2 0.37526 0.653241 0.073438 0.089815
4 0.377344 0.618519 0.030729 0.064815
2 0.413281 0.636111 0.024479 0.042593
1 0.445052 0.631019 0.018229 0.037963
3 0.498698 0.597222 0.119271 0.266667
2 0.488281 0.553704 0.093229 0.177778
3 0.617448 0.626852 0.164062 0.135185
3 0.6625 0.625463 0.079167 0.132407
2 0.578385 0.657407 0.059896 0.088889
2 0.603906 0.667593 0.066146 0.116667
2 0.658073 0.680556 0.096354 0.159259
2 0.739062 0.700926 0.217708 0.27037
0 0.915625 0.651389 0.011458 0.060185
0 0.902604 0.651389 0.013542 0.065741
