2 0.197396 0.636574 0.04375 0.071296
2 0.276562 0.616204 0.028125 0.041667
2 0.428125 0.613426 0.015625 0.021296
2 0.435677 0.610648 0.008854 0.013889
2 0.451042 0.611574 0.0125 0.017593
2 0.463542 0.607407 0.011458 0.016667
2 0.477604 0.6125 0.020833 0.030556
2 0.489583 0.616667 0.026042 0.038889
2 0.525 0.629167 0.05 0.063889
1 0.599479 0.621296 0.009375 0.038889
1 0.574479 0.618519 0.008333 0.035185
2 0.621354 0.615741 0.04375 0.027778
2 0.68125 0.621759 0.06875 0.047222
2 0.739583 0.624074 0.086458 0.053704
2 0.824479 0.630093 0.091667 0.075
2 0.904427 0.62037 0.139063 0.125926
2 0.960156 0.634722 0.079687 0.113889
