2 0.852344 0.818519 0.295312 0.281481
0 0.896875 0.698148 0.026042 0.159259
2 0.951042 0.663889 0.098958 0.087037
3 0.860938 0.636111 0.104167 0.068519
2 0.796354 0.662963 0.105208 0.088889
2 0.667708 0.673148 0.084375 0.142593
2 0.584896 0.624074 0.11875 0.059259
0 0.49974 0.61713 0.029687 0.087963
1 0.417969 0.605093 0.040104 0.062037
2 0.496094 0.550463 0.008854 0.013889
2 0.466146 0.659722 0.095833 0.121296
2 0.482292 0.8125 0.208333 0.30463
0 0.365885 0.665278 0.019271 0.160185
0 0.213802 0.665278 0.028646 0.152778
2 0.236198 0.600463 0.164062 0.14537
0 0.15625 0.671759 0.019792 0.163889
1 0.049219 0.592593 0.025521 0.053704
