0 0.099479 0.664815 0.0125 0.044444
1 0.214062 0.666667 0.014583 0.038889
2 0.34375 0.666204 0.026042 0.036111
2 0.358594 0.65787 0.032813 0.050926
3 0.379688 0.65 0.038542 0.068519
2 0.471354 0.666667 0.016667 0.025926
2 0.488021 0.665278 0.017708 0.028704
0 0.545312 0.673611 0.010417 0.047222
2 0.516406 0.668056 0.059896 0.052778
2 0.633594 0.672222 0.127604 0.081481
3 0.66276 0.659722 0.071354 0.082407
0 0.732812 0.677778 0.010417 0.046296
2 0.781771 0.679167 0.080208 0.060185
2 0.827604 0.68287 0.139583 0.071296
