4 0.190625 0.520833 0.286458 0.415741
2 0.329688 0.614815 0.033333 0.062963
2 0.344792 0.602315 0.014583 0.023148
2 0.352865 0.596296 0.007812 0.014815
2 0.365625 0.593981 0.008333 0.013889
2 0.376302 0.597685 0.008854 0.013889
2 0.394531 0.608796 0.019271 0.026852
1 0.43125 0.608333 0.004167 0.018519
1 0.448698 0.616667 0.006771 0.022222
1 0.440885 0.618056 0.005729 0.026852
1 0.480729 0.633796 0.011458 0.049074
1 0.522917 0.659259 0.029167 0.096296
1 0.548698 0.654167 0.018229 0.089815
0 0.593229 0.638889 0.011458 0.064815
