5 0.38977931228826235 0.10111064171939124 0.03464470717671176 0.08332844601980355
5 0.38878959573020155 0.10518648962253378 0.03674112196373285 0.08423418999827968
5 0.38621294537301265 0.1088094655364383 0.03770159310406881 0.07336526225656616
2 0.41219647575554647 0.6721822201485884 0.03566366915249748 0.031701039246664314
0 0.4361420821865091 0.6536144685898277 0.02037923951571287 0.021737855483427014
0 0.4272261648983847 0.6631247803638272 0.016812872600463144 0.02445508741885539
1 0.43563260119861635 0.820724232618673 0.0305688592735693 0.060684846557900365
3 0.4292093396668669 0.808043816920007 0.027911955967926883 0.038946991074473476
6 0.40939433032213596 0.4548117165234171 0.0830454010265298 0.7925420835848076
6 0.4086889630057334 0.4493692014434615 0.07450193256322508 0.7617306858984215
6 0.40870694517091477 0.37645681117613344 0.07453789689358781 0.6231518571915744