5 0.3704190347483352 0.1233013691920563 0.028530935321997908 0.07155377429961395
5 0.35207771918419367 0.12103700924586598 0.01426546766099902 0.07245951827809005
5 0.34163335893239083 0.12783008908443694 0.013755986673106091 0.06793079838570941
2 0.366597927339139 0.7387544025665835 0.02394560643096259 0.04166422300990196
0 0.38570346438511977 0.7296969627818224 0.019360277539927202 0.01811487956952255
0 0.39538360315508336 0.7138464431584901 0.012227543709427694 0.017209135591046348
1 0.39844048908244034 0.899976830735334 0.028530935321997908 0.08513993397675576
3 0.3974215271066547 0.8786918472411449 0.0326067832251405 0.05162740677313916
6 0.3602294149904788 0.5403964712803121 0.11718062721534869 0.9148014182608868
6 0.3615031174602108 0.5445299282139971 0.10648152646959952 0.9031419646017824
6 0.3625220794359964 0.5431553831747801 0.10036775461488567 0.9094503143081091