2 0.3892725243530747 0.7591336420822963 0.03159320735476525 0.038946991074473476
0 0.4071016658766182 0.7523405622437256 0.01732235358835588 0.023549343440379185
0 0.4234050574891885 0.7392072745558216 0.015284429636784619 0.029889551289712143
1 0.41907446909209944 0.9199031982618087 0.030059378285676435 0.07608249419199455
3 0.4073564063705647 0.9203560702510468 0.032097302237247764 0.0335125272036166
5 0.38162761648197724 0.10065776973015315 0.036682631128283086 0.09329162978304091
5 0.3783159900606739 0.09703479381624866 0.039230036067747144 0.09329162978304091
5 0.37551384462726334 0.10201638569786735 0.045853288910353854 0.09782034967542157
6 0.39902670697230913 0.4916732442765642 0.09287901360044523 0.8861915066175767
6 0.4044382095468696 0.5045075304251603 0.09147447504013874 0.9100485909578165
6 0.4027710774795293 0.41544947142317235 0.0799885150991728 0.7301209849968883