1 0.35691778856917544 0.9791467722742 0.01885079655203434 0.03697018996193097
2 0.37678754709699536 0.8184598726724825 0.023945606430962524 0.04347571096685403
0 0.3594651935086395 0.8243472085325774 0.021907682479391264 0.04256996698837782
0 0.36863585129071025 0.8248000805218154 0.01579391062467742 0.04528719892380632
3 0.33959543498081957 0.9597559333147582 0.013755986673106157 0.05434463870856764
5 0.3434165423900157 0.15953112833110134 0.030568859273569237 0.09872609365389769
5 0.3660884463512462 0.15817251236338714 0.022926644455176993 0.0960088617184693
5 0.3872319073487983 0.1586253843526252 0.025474049394640985 0.09510311773999318
6 0.41015855180397515 0.554435502946692 0.19767862330241437 0.888534842885079
6 0.41881972859815325 0.554005808476868 0.1742424978593447 0.8912984298593356
6 0.4256977219347061 0.5539948568288446 0.153353777355739 0.8912765265632888