5 0.40200685599769004 0.033810643438289156 0.016303391612570217 0.06701252670506926
5 0.4124512162494929 0.029255683487334296 0.014774948648891752 0.05989034133421765
5 0.43461363922283053 0.03295976609898405 0.029549897297783505 0.06332303749540086
2 0.4108922599177913 0.7306027067602985 0.028979389573844633 0.039852735052949444
0 0.43665156317440185 0.7156579311154425 0.019360277539927202 0.022643599461903217
0 0.4480354897852264 0.7058043666820278 0.024584182377419463 0.02852979189478299
1 0.4418217929459051 0.9195448038991625 0.028119438213898736 0.08113149386305192
3 0.4399778953581084 0.8884034224163749 0.03641697735898349 0.056546192692430254
6 0.43028416085781435 0.4763098925998029 0.10900588788198502 0.9575363937800654
6 0.4308793164803907 0.4763197487454741 0.10411453153817234 0.9521501793256606
6 0.4298693411580505 0.4742911619662805 0.10057416399625044 0.9507959691401472