5 0.4430596646197512 0.1570165347093062 0.020525628112758057 0.05405926745746984
5 0.4605444589380266 0.15363783049321436 0.015964377421033994 0.04730185902528613
5 0.47574862791044004 0.15228634880677763 0.015964377421034057 0.04459889565241266
1 0.48259050394802594 0.9145220199571024 0.017484794318275328 0.06622260263540027
2 0.47954967015354333 0.7219358796398659 0.02356646190724072 0.03784148722022895
0 0.48867217153699133 0.738153659877107 0.009882709832068726 0.016217780237240884
0 0.5031161320607841 0.7415323640931988 0.01140312672930993 0.02027222529655122
3 0.4654858138540609 0.8841136820122756 0.01216333517793079 0.043247413965976034
6 0.5012156109392324 0.5385282767653214 0.15356210662137523 0.8143797881966273
6 0.5145192587900942 0.5199235820398092 0.1208731433306864 0.7744674353727287
6 0.5194606137061285 0.44360583690259076 0.1064291828068938 0.6245349084711654