5 0.5096093160212037 0.12810929876792254 0.014444443324111083 0.08192827112934939
5 0.5247415899797963 0.1294834093511135 0.0226984109378887 0.08223087226201929
5 0.5443447630625184 0.13361194384377428 0.03301587045511097 0.1002704213821887
2 0.5230220133935926 0.7859810878364291 0.030264547917184907 0.0452439706236707
0 0.5470960856004442 0.7670275325751618 0.016507935227555486 0.019564960269695317
0 0.5598209523383516 0.7615248874993099 0.010317459517222148 0.018342150252839258
3 0.5522548153590553 0.9376095299265682 0.02957671728270344 0.04035273055624669
1 0.5584452910693887 0.94005514996028 0.02407407220685183 0.06970017096078968
6 0.5210160524387237 0.4472912597159249 0.0358822548901881 0.717846572991642
6 0.5426251864763147 0.5316688628576658 0.05571428139299968 0.89393863937626
6 0.5532865613107776 0.43463723598816606 0.04952380568266647 0.6949841455698365