5 0.35768201005101463 0.1989309913948128 0.028530935321997974 0.0670250544072333
5 0.3508040167144616 0.19938386338405087 0.02802145433410518 0.06793079838570941
5 0.341123877944498 0.20708268720109793 0.01885079655203434 0.05796761462247202
2 0.36328630091783565 0.7663795939101055 0.02853093532199804 0.02445508741885539
3 0.3834815167101596 0.8899593860210259 0.024087039972077465 0.039744213150808436
1 0.38850560981853033 0.9072227825631428 0.02598353038253385 0.08513993397675587
0 0.3905435337701016 0.7396601465450596 0.022926644455176993 0.021737855483427014
0 0.3780612495667275 0.7500762022975351 0.017322353588355942 0.020832111504950925
6 0.3686358512907103 0.5566998628928823 0.08304540102652974 0.7843742853603246
6 0.3716927372180672 0.5495372142172275 0.0718368192928877 0.7392536927408268
6 0.37194747771201364 0.47569415791466885 0.0641946044744954 0.6078709717482798