2 0.4937134338183977 0.7826829855226756 0.027511973346212314 0.03170103924666455
0 0.5214801476585564 0.7881174493935323 0.016812872600463012 0.024455087418855506
0 0.5064504585157181 0.7867588334258182 0.010189619757856368 0.034418271182092806
1 0.5110357874067537 0.9561329574008538 0.021398201491498466 0.05796761462247199
3 0.4942229148062906 0.9429996697129499 0.0305688592735693 0.044381454945330114
5 0.4993177246852187 0.13507604091224593 0.036682631128283086 0.09510311773999318
5 0.5041577940702006 0.1273772170951989 0.03515418816460469 0.10868927741713506
5 0.5087431229612359 0.1305473210198653 0.04024899804353274 0.10416055752475442
6 0.5304428194608385 0.5268489000061506 0.10198970660687959 0.9094441311959912
6 0.5319245079103593 0.5218656757391048 0.0906876158449221 0.8867972669632336
6 0.5283116425850413 0.44352224132839413 0.09365150495214232 0.7210529583570509