0 0.20253244559174818 0.33234949864433083 0.04458983001612113 0.023806434669623993
0 0.18212693016064188 0.3561559333139548 0.030986153062050267 0.017854826002217942
5 0.8328361444636976 0.30854306397470677 0.15795380463337821 0.03400919238517715
5 0.8366149436176062 0.3448903883363649 0.15039620632556117 0.042086375576656745
5 0.8358591837868244 0.3686968230059889 0.14586164734087076 0.04293660538628608
2 0.14811773777546475 0.36359544414821227 0.04307831035455773 0.0378352265285095
3 0.056700051794152335 0.3243667833134764 0.06077718454167347 0.019414933950812358
1 0.01336817022277401 0.359081529345092 0.029638256659211142 0.023846603656976034
6 0.5195847278231278 0.36904826731701 0.7864552348014712 0.05050594904546685
6 0.4573169671753734 0.3483055329214677 0.9148709010940149 0.04777453999153913
6 0.46740295831494905 0.31776315187662585 0.8867015645486929 0.05290031066400454