5 0.4513288816874327 0.07453299728433757 0.03989417679992559 0.04157554057310269
5 0.45029713573571045 0.1457849470646428 0.04608465251025899 0.10092835898750771
5 0.4716198854046363 0.1595182934558268 0.044708991241296125 0.11372133156760443
3 0.41728126528059956 0.80027074228835 0.021322749668925896 0.0452439706236707
1 0.37119661277034055 0.9708527396397565 0.04333332997233312 0.05135802070795029
2 0.44892147446674746 0.6755441205690421 0.03507936235855531 0.04279835058995869
0 0.4358526924115994 0.7021659146378842 0.02269841093788883 0.030010197817421095
0 0.4334452851909142 0.6217404798273798 0.01513227395859255 0.020787770286551488
6 0.4348209464598772 0.43893038230741377 0.07291004725503664 0.7703703106192551
6 0.4492403947189583 0.40662120828199844 0.04809815428364366 0.6250465014559315
6 0.42140824908748853 0.5496256441651566 0.14513226387559186 0.8939360329862639