5 0.49430555768009415 0.19455102795296544 0.03901696187879585 0.13269536793561454
5 0.509855796110049 0.20812214512819874 0.04184427795696942 0.123647956485459
5 0.5644516134581176 0.25069620086101996 0.050383460270126065 0.1404378481054818
0 0.5361498356370635 0.8223408557998693 0.026576771134831933 0.027142234350466525
0 0.4920437048175553 0.779114334426904 0.023183991841023606 0.031163306106091287
1 0.5092903328944143 0.6690374951166783 0.035058719369352696 0.048252861067496246
2 0.5112694541491358 0.7881617458770594 0.02092213897848468 0.05327920076202714
3 0.5242043852236813 0.7426629725902695 0.017591388370342062 0.02531670707266146
6 0.4745715394645019 0.46082845414902224 0.11685707988870071 0.6649358651731405
6 0.5075728339796421 0.48279442057971395 0.04715467291919956 0.6716373464570803
6 0.5410428646768259 0.507738823136601 0.09901640142470276 0.6604682109838472