5 0.4626112320766896 0.20435554319359917 0.02962661117392571 0.09381760205076461
5 0.4822851535593745 0.23027882797078408 0.02731203217596272 0.10287017768724191
5 0.5112173910339113 0.23315919294602688 0.042588253562518205 0.11027683048072334
1 0.6130588669442808 0.6067836783060895 0.012961642388592496 0.026334765487933905
0 0.4667774742730228 0.7384575057457591 0.018516631983703607 0.026334765487933905
0 0.47788745346324496 0.7931844402753717 0.024071621578814595 0.020574035537448354
2 0.5019590750420596 0.7590315412832074 0.02129412678125907 0.04443991676088852
3 0.38437846194554204 0.9376141697482593 0.03425576916985144 0.04279399391789261
6 0.4207173522135602 0.5582289544377113 0.11063687610262866 0.8032103473819848
6 0.4905381511704229 0.47999782192512497 0.041966364199688924 0.599016319909932
6 0.5422327496066148 0.4923920407178764 0.15276221386555427 0.6238047574954348