5 0.4060447265104255 0.21033391148602879 0.0342289066142695 0.08076638974841763
5 0.38052863248887914 0.2153126615390135 0.01804796894206939 0.07744722304642791
5 0.3868662560448003 0.17695957113021177 0.0187824734135882 0.013117917939648952
0 0.4405848050030065 0.7922944732349015 0.01991500021193854 0.02323416691392834
0 0.44606259845161017 0.8299116958574522 0.019668399489930367 0.02323416691392834
2 0.4623668364848144 0.8133158623475034 0.02489375026492324 0.04093638932454037
1 0.43529488307171027 0.9051461411025536 0.01804796894206939 0.06306416733780536
1 0.417246914129641 0.9903380864536244 0.028005469048038724 0.014383055708622321
6 0.41413519534652554 0.5588943859994059 0.08526109465736219 0.7579723385632334
6 0.4284491017488564 0.5832565583027657 0.10144203232956231 0.8266116833818913
6 0.4272044142356103 0.5091232801674571 0.10019734481631615 0.669494015905968