5 0.4990784225527527 0.2953865489918271 0.04294171920699243 0.09514944545703968
5 0.4828974848805526 0.28874821558784763 0.042941719206992565 0.10178777886101927
5 0.48507568802873335 0.229003214952032 0.03236187534440009 0.01991500021193851
3 0.3985699058581253 0.816495721204219 0.03236187534440016 0.03319166701989771
1 0.38332248382085987 0.8867514163963356 0.04045234418050015 0.04757472272851991
2 0.5031236569708026 0.9393048891778399 0.03983000042387708 0.042042778225203845
0 0.4972113912828834 0.8812194718930193 0.02178203148180775 0.027659722516581404
0 0.5133923289550835 0.8994748887539629 0.024271406508300168 0.028766111417244642
6 0.454269672075891 0.5675582185549872 0.1437614077799314 0.697025007417849
6 0.43447747097266076 0.57542513140949 0.14027294345760968 0.670716054901651
6 0.5003231100659988 0.6052761744829963 0.044186406720238575 0.7127159186380515