5 0.43413311582539577 0.09532076757088884 0.031640209186147975 0.1418459619552914
5 0.46095851057017345 0.08920671748660906 0.027513225379259106 0.1345091018541556
5 0.49466221165976576 0.08859531247818112 0.03851851553096272 0.14306877197214737
1 0.3003500574187483 0.6559791602993467 0.02269841093788883 0.062363310859654006
2 0.4578632727150067 0.7831514020523666 0.024074072206851635 0.06970017096078955
0 0.43894793026676604 0.7519697466225395 0.023386241572370167 0.03179306043825498
0 0.48537649809426575 0.7507469366056836 0.0226984109378887 0.026901820370831202
3 0.38495322545997007 0.7238451162348525 0.03095237855166651 0.04891240067423841
6 0.36982095150137756 0.39674343672588314 0.16301586037211016 0.7422456802315679
6 0.4613024258874142 0.4212225548458045 0.028201056013740573 0.7936495365051227
6 0.4411289551328291 0.3943125881269403 0.14467949916634765 0.7447208431348181