1 0.2962010534664516 0.9095716967052067 0.02240437523843092 0.04978750052984627
2 0.4405848050030065 0.9731890584933438 0.022404375238430824 0.048681111629183385
0 0.42191449230431405 0.9516144749304102 0.023649062751677098 0.03208527811923435
0 0.4745025397389645 0.9471889193277573 0.02800546904803866 0.027659722516581404
3 0.3721269917744675 0.9516144749304102 0.029872500317907873 0.05863861173515252
5 0.38675207005511 0.19871682802906462 0.02800546904803866 0.09957500105969302
5 0.40977878905016407 0.198163633578733 0.024271406508300234 0.09846861215902977
5 0.4365395705849565 0.19484446687674326 0.031739531587777155 0.10068138996035637
6 0.3599912885203175 0.5599528040956178 0.14998484534616266 0.8198341753914727
6 0.42471503920911796 0.5738342188472209 0.054143906826208045 0.8475970048946788
6 0.42236565277637794 0.5649715218942379 0.1303498223217289 0.8365099443926932