1 0.7167357630673961 0.9783564327394987 0.026938370416774143 0.041750636771296784
2 0.5395426149308719 0.8278698294638532 0.013005653959598554 0.05629500457874543
0 0.5053320903849713 0.7645379493127646 0.026011307919197237 0.028147502289372767
0 0.546610905126306 0.8705937168673654 0.027142234350466636 0.039205449617340696
3 0.46037776474201086 0.9213597477821271 0.023183991841023478 0.038200181678434565
5 0.49741560536608515 0.31518318062170597 0.04749891011331668 0.12465322442436523
5 0.5355843724214288 0.32573849398022076 0.03788603544752632 0.15380599465264416
5 0.5760149923393113 0.34835702260560963 0.04976076297585554 0.14073751144686392
6 0.4812999037204956 0.5941450336681685 0.06729012266053189 0.6906190740285396
6 0.5338879827745246 0.5514211462646562 0.03788603544752632 0.6071818350993273
6 0.6325613139027835 0.6383768229800401 0.1979121254721525 0.7167560404401