5 0.40448886711886783 0.1472697441482232 0.03111718783115408 0.12280916797362135
5 0.4334278518018412 0.13952502184358037 0.025516094021546375 0.12502194577494788
5 0.45829214249871597 0.1367590495919223 0.024212487372203422 0.11506444566897862
1 0.5000186337605108 0.6362936382413824 0.025516094021546375 0.05642583393382605
2 0.4240926954524949 0.7596560006653355 0.023026718995054023 0.05974500063581588
0 0.4471194144475489 0.7657411396189834 0.021782031481807882 0.02323416691392834
0 0.4561433989185836 0.7414005838043917 0.013691562645707828 0.02323416691392834
3 0.5538513687084073 0.6551022495526577 0.028627812804661795 0.05200027833117298
6 0.4511646488655989 0.41911662937402966 0.12446875132461632 0.6709284940278873
6 0.429382617383791 0.43608547377042073 0.034851250370892504 0.7092917384233226
6 0.5033992186630915 0.43054407123257676 0.13434163991289305 0.6959961555463081