5 0.39427241009032754 0.1210649513686394 0.040582007434407125 0.10149323139904452
5 0.41800256697993843 0.14185272165519064 0.013756612689629485 0.09660199133162058
5 0.3719179144696796 0.11495090128435957 0.009629628882740614 0.06970017096078955
1 0.24845231558025466 0.9421818776874146 0.04333332997233296 0.06114050084279783
2 0.339933789966291 0.988648658327941 0.057089942661962545 0.0171193402359832
0 0.36194437026969817 0.9482959277716944 0.033703701089592315 0.034238680471966744
0 0.3715739991524388 0.9739749381256696 0.021322749668925764 0.019564960269695432
3 0.2979761212629209 0.9079431972154479 0.039206346165444154 0.03423868047196686
6 0.3213623628352911 0.5172553968299696 0.18915342448240585 0.9036566024565524
6 0.3616004549524574 0.5258526026826316 0.03576719299303678 0.8915035737573335
6 0.3674470153455501 0.5454106582674757 0.1148677159584065 0.9037178645561907