6 0.523866587649573 0.7574609439964195 0.020976693756506418 0.022738963421687162
6 0.575796695363851 0.8324995232879872 0.025581333849398185 0.02182940488481959
6 0.5051922139395123 0.5655440927173798 0.06037194788457952 0.7485666758419419
6 0.5448432814060793 0.5077871256262942 0.06293008126951925 0.6512439123971207
6 0.6479360568191536 0.5569032866171386 0.21795296439687156 0.7531144685262793
1 0.7464035862011602 0.9007164135530488 0.02195873523413056 0.06912644880192895
2 0.5694013619015015 0.7979362988870226 0.013813920278674984 0.06003086343325413
3 0.49854106713866886 0.9129954538007597 0.02046506707951847 0.04820660245397682
5 0.4972620004461989 0.24174125359255436 0.04144176083602495 0.102780114666026
5 0.5282154144039706 0.24674382554532556 0.03274410732722956 0.1255190780877132
5 0.5594246417002362 0.2481081633506268 0.04297664086698873 0.1246095195508457