0 0.6002092830040031 0.797133915442612 0.017425625185446252 0.03208527811923435
0 0.6151455331629571 0.8043254432969231 0.017425625185446252 0.022127778013264987
1 0.4947220162563911 0.8933897498003152 0.030494844074530948 0.04093638932454025
2 0.6210577988508763 0.834197943614831 0.021782031481807882 0.057532222834489055
3 0.4735623285312064 0.8386234992174841 0.02551609402154631 0.04204277822520361
5 0.5746931889824568 0.2345351594553483 0.02738312529141552 0.08851111205306014
5 0.5852730328450491 0.23951390950833296 0.029872500317907807 0.08961750095372346
5 0.607055064326857 0.23951390950833293 0.03360656285764636 0.09404305655637647
6 0.5339935763142222 0.5250853556803557 0.14762327710082399 0.669611504503075
6 0.5519776418657145 0.5521866878772297 0.1450060952931776 0.7193886132941698
6 0.6009283453936897 0.5267306703252373 0.061183125415188735 0.668476578190185