5 0.44088928130849475 0.28653543778652113 0.047298125503354 0.12834111247693725
5 0.45333615644095626 0.26164168752159794 0.05476625058283104 0.12944750137760047
5 0.4763628754360102 0.2439394651109859 0.04729812550335406 0.1250219457749475
1 0.42004076546162156 0.7490059982637606 0.029250156561284733 0.057532222834489055
2 0.4443121719699216 0.9232622501182228 0.042941719206992565 0.04978750052984639
0 0.47013943786977946 0.9033472499062842 0.017425625185446252 0.03872361152321378
0 0.4726288128962718 0.8657300272837337 0.02364906275167703 0.03429805592056083
6 0.45105347023188347 0.5858136354159309 0.0663818158368853 0.7268975077357568
6 0.443378656334987 0.4880070306143948 0.07468125079476946 0.579965409761868
6 0.4763628754360102 0.5510073712959798 0.04605343799010792 0.7391577581449352
3 0.47969539934861255 0.7089409846387789 0.025335360523896917 0.028296085015035236