5 0.628201864684572 0.06128667948378727 0.021782031481807882 0.09293666765571323
5 0.6455021006668782 0.05741431833146589 0.022775940588773712 0.08961750095372353
5 0.666787177595203 0.04690362377516498 0.040452344180500276 0.09072388985438681
3 0.5413849106356523 0.8031204373784986 0.029872500317907807 0.04314916712586685
1 0.5743691297366756 0.837971687749391 0.04231937545036943 0.0442555560265302
2 0.7153299906118031 0.7478009923453359 0.02551609402154618 0.058638611735152175
0 0.6851463184155838 0.7195880753784232 0.016180937672199983 0.03540444482122407
0 0.7041278029925878 0.7267796032327342 0.020537343968561612 0.03208527811923435
6 0.6098427238641912 0.41876516529179963 0.16678812677498528 0.8078936392717377
6 0.632951192248084 0.4291513684736403 0.15699412544669364 0.856610219896329
6 0.6810283021513731 0.3876339748947203 0.09350134600240836 0.7757882105398153