5 0.3945313670128985 0.2861215511814619 0.018670312698692463 0.07302166744377493
5 0.4032441796056216 0.2828023844794721 0.019915000211938604 0.07302166744377485
5 0.4234703516958718 0.2811428011284772 0.030494844074531006 0.07191527854311161
0 0.451786992622222 0.8039115566918656 0.017425625185446252 0.030978889218571115
0 0.47419136786065297 0.8293585014071205 0.019915000211938604 0.026553333615918284
2 0.4717019928341606 0.8227201680031411 0.02489375026492324 0.04204277822520361
1 0.5065532432050531 0.9672449727811275 0.03236187534440022 0.056707940416689695
3 0.48601589923649147 0.8852311408906149 0.019915000211938604 0.05863861173515276
6 0.4412071487596296 0.5826743386569117 0.11077718867890848 0.6639144645933482
6 0.4390289456114488 0.5478886360653372 0.09148453222359296 0.5965558372115255
6 0.47201316471247223 0.6220873386552763 0.1275804701077316 0.7493787979940569