5 0.4764134792117023 0.17676477202264254 0.040713351525699826 0.08645304274593049
5 0.4464439287830621 0.18480691553389192 0.022618528625388778 0.09047411450155524
5 0.4484230500377837 0.15113043958053526 0.035624182584987396 0.06333188015108868
1 0.5845021157219068 0.7607758424984286 0.023919779704604842 0.046143121132287225
2 0.4902673279947529 0.863865408265009 0.029969550428640135 0.04322652137296534
3 0.47330343152571136 0.7718833918550945 0.025445844703562343 0.03820018167843422
0 0.47952352689769323 0.8894997407071163 0.024314918272292943 0.026136966411560273
0 0.48178537976023217 0.804051965900092 0.02883862399737074 0.020105358778123587
6 0.4786753320742411 0.46577930445816607 0.10178337881424956 0.6946401457841627
6 0.5321116059517224 0.5265980147619893 0.13062200281162037 0.7619930976908758
6 0.470590181409445 0.5080005578922252 0.06864918101561565 0.7509351503629081