1 0.5347146166609095 0.9778700404238252 0.04107468793712328 0.03983000042387702
0 0.6762978212926603 0.913146289735025 0.024271406508300168 0.03429805592056083
0 0.6949681339913527 0.9319549010463002 0.02676078153479245 0.02987250031790788
2 0.6943457902347296 0.9607210124635448 0.035473594127515454 0.05863861173515252
3 0.5303582103645479 0.9286357343443105 0.036095937884138715 0.036510833721887306
5 0.6554493054457871 0.17961044859528766 0.012446875132461684 0.09404305655637658
5 0.694656962113041 0.16744017068799188 0.04231937545036936 0.09183027875505
5 0.6632286024035754 0.17642563491737048 0.023026718995054023 0.08546065139921567
6 0.6001663050437787 0.5397400357611767 0.178201502269093 0.8165150086894812
6 0.6152693492106962 0.558535589481988 0.20093946552345004 0.8765844868654169
6 0.687442619345404 0.5585432525637481 0.04889134713062828 0.8625850851833027