5 0.3954102917979628 0.3011098168817898 0.03560161932093031 0.14147571599428524
5 0.443158345946034 0.24935948918914336 0.03811467480240774 0.13328501664724765
5 0.4695454285015471 0.23967957177900795 0.03057550835797545 0.13328501664724765
1 0.52546091296442 0.8178684847767053 0.0309943509382217 0.059568722523909566
2 0.4284988556374156 0.7947856047986902 0.03392624899994531 0.05807950446081179
0 0.39917987502017893 0.8193577028398029 0.02052328643206574 0.041698105766736625
0 0.42891769821766185 0.7471306267795625 0.025549397395020594 0.03276279738815021
3 0.4567707298040367 0.8208469209029008 0.01088990708640221 0.040208887703638965
6 0.4592837852855142 0.564329109534315 0.16502397661701823 0.6708927374255313
6 0.4380597306679648 0.5032711689473078 0.050534943579566206 0.6411083761635765
6 0.4370851285324635 0.5062496050735034 0.09633379345663497 0.6679143012993359