0 0.39780302013372715 0.8676624489209348 0.011109979190222165 0.046085839603884536
0 0.4417800210950231 0.7684955976304337 0.01573913718614802 0.03703326396740718
1 0.5274194440196519 0.9046957128883418 0.03518160076903663 0.06912875940582663
2 0.4278925471072454 0.8466769326727377 0.03888492716577742 0.03703326396740706
4 0.3161734391548522 0.6957110489778892 0.022832989478470726 0.054410528118909014
5 0.4315958735039861 0.3734741153114248 0.05277240115355505 0.13249678886116753
5 0.4591393635797451 0.3014649909303555 0.03564451656862936 0.1366115959686573
5 0.43668794729950455 0.33644085134401774 0.05369823275274024 0.114391637588213
6 0.39016490944044946 0.5084397884370863 0.1726675932480355 0.5538530366681104
6 0.46770330587220804 0.6483432300917351 0.1536880454647394 0.683880941264784
6 0.427303075550226 0.5718078178924272 0.07011009002321997 0.5884174163710235