5 0.5321824523038635 0.305709263913889 0.05502645075851807 0.16263373224184235
5 0.5469708109452152 0.2714705834419222 0.06121692646885142 0.1528512521069947
5 0.5810184273520482 0.247625788113231 0.05502645075851801 0.1638565422586983
1 0.45342584465573443 0.7251330996954822 0.030952378551666444 0.0745914110282132
2 0.47027769520053064 0.9478837977913631 0.04402116060681446 0.06276186091584715
0 0.5015739890694378 0.9311765875357109 0.01719576586203689 0.046466780640526284
0 0.5036374809728822 0.8902124519710365 0.0226984109378887 0.03790711052253469
3 0.5160184323935488 0.6853917741476636 0.03232803982062938 0.05135802070795029
6 0.503981396290123 0.6017148334291567 0.11005290151703609 0.7570904913060897
6 0.5084522954142525 0.4800596960558817 0.1382539575307767 0.5700294773349137
6 0.5500693620807207 0.561304100152485 0.11693783442252847 0.7887675463034949