5 0.47662994015533633 0.3180502344553387 0.04893295746801632 0.11132017442818029
5 0.4607497343163761 0.25866710208350424 0.04146541544437773 0.10871291860613498
5 0.4653570026990847 0.2192028234114141 0.04062773028388529 0.07892855734418015
0 0.4400170265941873 0.7854779919043295 0.02261749933329692 0.03201818835660133
0 0.45865552141514493 0.8588219815118929 0.022198656753050668 0.034252015451248105
1 0.5166652187792489 0.7151124384229612 0.021779814172804484 0.047654978019127714
2 0.45949320657563736 0.8093054809138934 0.03895235996290024 0.040953496735187965
6 0.48797450203238163 0.5699136772709317 0.07999893282703159 0.6195147142486593
6 0.4607416945045938 0.517046436030962 0.04480007646278293 0.6195147142486596
6 0.45760841496452925 0.4986626449488139 0.0611510167159509 0.6318913281665889
3 0.48310110770408665 0.7984236981699343 0.022504090022370398 0.04748507444612722