5 0.46924594924880847 0.24640297809637499 0.0722222166205549 0.1173897616181719
5 0.47302901773845657 0.33811372936057177 0.07566136979296237 0.14184596195529112
5 0.5146427711245859 0.39069456008537795 0.07497353915848078 0.14184596195529098
0 0.4427644698212716 0.67438648399596 0.027513225379259106 0.03423868047196686
0 0.46580679607640113 0.6945628492740833 0.021322749668925764 0.028124630387687144
2 0.4565210825109012 0.7532577300831692 0.04264549933785153 0.07214579099450155
1 0.29281739150430985 0.6908944192235155 0.049523805682666275 0.04279835058995846
3 0.28731474642845806 0.5600537474199281 0.03989417679992559 0.06236331085965378
6 0.3863623577937906 0.4408297707764722 0.23661373826162774 0.5086889670120782
6 0.41112426063512364 0.5139762337291416 0.284761882675331 0.3908549292765303
6 0.4731806720507186 0.5298307842636407 0.07734033968644936 0.5252800717614297