5 0.5410933216976341 0.20756793923437067 0.0342289066142695 0.12170277907295816
5 0.5504284780469804 0.22195099494299297 0.03796296915400799 0.11063889006632556
5 0.5759445720685268 0.2319084950489623 0.04294171920699263 0.11285166786765216
2 0.5600748062746381 0.7917412787845698 0.027383125291415587 0.05310666723183645
1 0.42876027362716795 0.8238265569038042 0.03858531291063107 0.03761722262255089
0 0.5407821498193226 0.7402941949037285 0.017425625185446318 0.025446944715254816
0 0.5538513687084073 0.7458261394070446 0.01618093767220011 0.018808611311275272
3 0.4100899609284755 0.7436133616057181 0.026138437778169443 0.04093638932454049
6 0.4773030866437683 0.45650544188360326 0.16056468920875505 0.6195777843714233
6 0.5526066811951611 0.49190988670482744 0.04231937545036949 0.6527694513913211
6 0.5040638681785607 0.5090962914224032 0.18670312698692448 0.6650144828132073