5 0.5186889464592033 0.1472697441482232 0.028005469048038724 0.12059639017229487
5 0.5473167592638649 0.1472697441482232 0.030494844074530948 0.12059639017229487
5 0.5756334001902152 0.14450377189656508 0.042319375450369554 0.12170277907295816
1 0.39888777330926 0.8022519733408708 0.023649062751677098 0.05642583393382605
0 0.5180666027025802 0.902933363301227 0.02800546904803866 0.03872361152321401
0 0.5662408036552831 0.9145504467581914 0.0260235574069978 0.028766111417244528
2 0.5355854043837776 0.9377846136721195 0.020723696960064004 0.08187277864908098
3 0.4698349615642914 0.8758268352349774 0.03236187534440022 0.05753222283448917
6 0.46079115085329897 0.5040801646121232 0.147455817839755 0.8408555645040745
6 0.46765675841611054 0.5312552621699942 0.19105953328328598 0.8907802040171633
6 0.5252235559037456 0.5063422248216157 0.14313906402330873 0.8453796849230593