5 0.32923894406697035 0.21454474421434502 0.04333332997233312 0.1406231519384354
5 0.3543447622255443 0.20415085907106936 0.034391531724073846 0.13450910185415565
5 0.3818579876048034 0.19497978394464965 0.03576719299303685 0.13084067180358774
1 0.18720191804654523 0.9042095937211069 0.03439153172407391 0.06725455092707779
2 0.38770454799789594 0.9360026541593616 0.037830684896481254 0.07459141102821379
3 0.2965669889291002 0.9225517439739461 0.033015870455110945 0.05747207079223023
0 0.36087915325311837 0.9146034788643823 0.024074072206851697 0.04402116060681464
0 0.411434704887507 0.8870902534851234 0.022010580303407294 0.033015870455110924
6 0.2711172554532855 0.5497796494611543 0.20222220653755446 0.8110929624320539
6 0.3537527565172506 0.5386422752314594 0.14876306690037472 0.8230568944446307
6 0.37188444340482196 0.556385208632079 0.06947089408262923 0.8389778009761749