5 0.4788755781315491 0.2060502475401285 0.013068782055148085 0.08804232121362893
5 0.49332002145566 0.2097186775906963 0.024074072206851635 0.0904879412473408
5 0.5225528234211227 0.21460991765812013 0.03851851553096259 0.08804232121362904
0 0.4506745221178086 0.9385134476368466 0.028201056013740573 0.041575540573102865
0 0.46752637266260477 0.9593012179233981 0.02201058030340723 0.019564960269695317
2 0.4678702879798456 0.9782547731846655 0.03920634616544425 0.03546149048882245
3 0.28934564936409995 0.9556327878728301 0.03707767632639469 0.02934744040454286
1 0.3003835284836061 0.988648658327941 0.04539682187577746 0.014673720202271314
6 0.3798421507687291 0.5676285622167968 0.2153193565977271 0.8087533305332544
6 0.4802512394005121 0.568647632930331 0.04883597504818474 0.8059002318928986
6 0.4114681759523645 0.5827173519592646 0.26068781046847933 0.8291484298833419