2 0.41634923157992515 0.9405443942147309 0.04504733950382467 0.05705996337151137
1 0.3780589930016741 0.821919733521326 0.03040695416508165 0.0540568074045896
0 0.44246706913435635 0.9065086265896188 0.0150716200182071 0.055057859393563606
0 0.4464746398731079 0.8709712809810461 0.018582027545327742 0.03603787160305962
3 0.43183425453436486 0.7913876478576225 0.03434859637166644 0.029030507680242797
5 0.44253299766652326 0.11417597731679108 0.041105697297240076 0.11612203072097037
5 0.4673090343936267 0.11316542316045086 0.00844637615696706 0.10609250649649894
5 0.4802601445009764 0.10967124336640859 0.021960578008114594 0.10110625088636215
6 0.45345955163953916 0.47264867397221133 0.0775991905820151 0.8310653200538632
6 0.43275697118806067 0.5125640153708579 0.0778628187200958 0.9108960028511561
6 0.412045222139292 0.4950762591213532 0.0995055959279131 0.875920490352147