2 0.3822019029220442 0.6370256050380793 0.037830684896481316 0.04157554057310252
1 0.21574688937752656 0.7923224771787862 0.04058200743440719 0.039129920539390746
0 0.36156698388759984 0.641305440097075 0.013068782055148085 0.028124630387687144
0 0.39527068497719225 0.5819991542795612 0.011693120786185212 0.024456200337119316
3 0.3158262466945816 0.7006117259145892 0.027513225379259106 0.05135802070795052
5 0.3870167173634145 0.13261647308499566 0.044708991241296056 0.1137213315676043
5 0.3815140722875627 0.09654357758774487 0.041957668703370185 0.09293356128105304
5 0.40249290663924775 0.08125845237704536 0.03851851553096272 0.11127571153389242
6 0.302069634004952 0.44504443239169356 0.21460315795822105 0.7361316301472881
6 0.35159343968761847 0.39001798163317536 0.0990476113653328 0.6774367493382022
6 0.3945828543427108 0.341722812431072 0.05433862012403674 0.6346500516756575