1 0.605434518059313 0.853045855126463 0.029998308934323176 0.061107666347695294
0 0.4926283771708683 0.8147146825992723 0.01937390785341708 0.01555467870668608
0 0.4773167403189743 0.8841552125398351 0.012499295389301333 0.03888669676671526
2 0.4991905072502516 0.8636008156774284 0.046247392940414855 0.0444419391619603
3 0.5335635695708303 0.8747113004679187 0.014999154467161588 0.05999661786864627
5 0.4385689246121401 0.1286422467865101 0.03374809755111365 0.09443912071916567
5 0.47169205739378867 0.12530910134936302 0.041247674784694474 0.10554960550965574
5 0.4916909300166708 0.11419861655887298 0.03124823847325327 0.1011054115934597
6 0.521689238950994 0.5052876811841236 0.1987387966898912 0.8499520864724908
6 0.48606624709148516 0.478066993447423 0.074995772335808 0.8177316805800695
6 0.5041902254059721 0.4819556631240945 0.07374584279687785 0.8366195047239027