0 0.6399962104366635 0.7480103295353447 0.01639843325340682 0.03317384198390367
0 0.6298178725552386 0.8123474776253397 0.018660286115945876 0.02111062671702949
1 0.7038935538033869 0.9741956157892331 0.04919529976022071 0.05126866488421487
2 0.6515882063571753 0.8038027001446373 0.0339277929380833 0.042221253434059094
3 0.5571558493461769 0.8143580135031521 0.01922574933158045 0.05931080839546406
5 0.6156812921643705 0.0488464780261038 0.036755109016256796 0.056295004578745485
5 0.5930627635389817 0.05940179138461857 0.011874727528329089 0.04724759312859
5 0.5851462785200956 0.06694130092641487 0.007351021803251359 0.03820018167843445
6 0.6843850728639891 0.5072486581673172 0.17416267041549396 0.9811415083724216
6 0.5965928831636309 0.44441311910490106 0.10375444912283602 0.8052070333022808
6 0.6286869461239691 0.42783249099372983 0.08086123983576507 0.7921511358580619