5 0.489486336469244 0.0465331126942915 0.03547477985926219 0.088092575029702
5 0.5204563823781237 0.04553206070531762 0.02871767893368842 0.09009467900764977
5 0.5491740613118121 0.04453100871634374 0.029843862421283972 0.08809257502970198
1 0.6254729925964153 0.6371537861888843 0.023649853239507954 0.06206522331638101
2 0.5066606346550773 0.7212421532626907 0.014640385338743147 0.0680715352502243
0 0.5266503915598995 0.7342558291193514 0.019708211032923424 0.0280294556912688
0 0.5424169603862383 0.7162368933178213 0.018582027545327742 0.024025247735373276
3 0.6784793051177531 0.6806995477092483 0.02605359742338619 0.05906206734945924
6 0.5173341690622468 0.3778780231796495 0.035474779859262125 0.7528689489355115
6 0.5542154270769736 0.37630231276161247 0.16442028678090112 0.7517196320773853
6 0.6113636077955273 0.36338781642621854 0.15596264807008559 0.7258906394065974