0 0.4750925096419009 0.8449684813473659 0.022010580303407166 0.02567901035397503
0 0.48575388447636386 0.8749273267603368 0.017195765862036826 0.03668430050567863
1 0.3677909306627907 0.7807709554624284 0.03851851553096265 0.05624926077537395
2 0.4713094411522529 0.9128344372828716 0.037830684896481254 0.03423868047196686
3 0.3946163254075683 0.7122935945184947 0.030264547917184907 0.026901820370831202
5 0.5411242505521227 0.3295540592425801 0.04264549933785153 0.06603174091022172
5 0.5304628757176598 0.3796892699336744 0.040582007434407055 0.10271604141590035
5 0.5438755730900485 0.40536828028764943 0.048148144413703395 0.10027042138218858
6 0.4719972717867343 0.5943304918334509 0.18089945686862813 0.5955846060919632
6 0.44988643342109197 0.5942924278918948 0.20133385977860224 0.5319223573323414
6 0.5108597026349377 0.6426446169444514 0.11417988532392502 0.5748230946957925