5 0.513267109855623 0.2818644685851978 0.03645502362751832 0.0953791813147647
5 0.520833246834919 0.3124347190065967 0.03507936235855525 0.10516166144961224
5 0.5469708109452153 0.32099438912458844 0.037830684896481254 0.10027042138218846
1 0.4039020389730682 0.8602536065580654 0.03645502362751832 0.039129920539390746
0 0.5129231945383822 0.7856621955298521 0.01925925776548136 0.03179306043825474
0 0.5304628757176598 0.7997245107236955 0.014444443324110889 0.02567901035397503
2 0.5325263676211043 0.8327403811788066 0.025449733475814702 0.0648089308933659
3 0.38575279431255016 0.7807709554624281 0.02491843714781537 0.04157554057310252
6 0.4523940987040123 0.5178668018383975 0.1595767071997025 0.569829467854876
6 0.5226876793814081 0.5607124872718411 0.0387882274515333 0.5992715779463892
6 0.47440467900741956 0.5748050225495851 0.18433861004103566 0.6054460681984699