3 0.6167268295228878 0.7715591013178655 0.022511573787470256 0.05275439513831435
1 0.8224007536720483 0.8370473159723246 0.03888362745108516 0.06003086343325413
1 0.6773545907459615 0.705161328126539 0.01586042698662677 0.018191170737349754
1 0.6875871242857206 0.7506392549699133 0.01893018704855457 0.01637205366361472
2 0.7029359245953595 0.742453228138106 0.02609296052638594 0.04183969269590438
5 0.6763313373919855 0.08984497793568402 0.03223248065024155 0.04820660245397682
5 0.6543313902815031 0.10667181086773256 0.012790666924698966 0.04365880976963938
5 0.6402616566643342 0.11986040965231111 0.01739530701759067 0.06639777319132655
6 0.6458895501112016 0.44320846950870274 0.08083701496409787 0.7112747758303748
6 0.6814476041618651 0.42137906462388297 0.07009285474735069 0.6803497855768802
6 0.7571683523560833 0.4645830951250887 0.1949297639324133 0.8013210709802561