5 0.4981348358970304 0.19443355237999682 0.033703701089592315 0.09904761136533252
5 0.5215210774694006 0.19443355237999682 0.011693120786185084 0.09660199133162063
5 0.531494621669382 0.189542312312573 0.020634919034444164 0.09171075126419674
2 0.46305547353847515 0.9776433681762372 0.043333329972332926 0.039129920539390635
1 0.42247346610406805 0.8785957568109048 0.028201056013740573 0.053803640741662176
0 0.4885052070142898 0.9268967524767152 0.025449733475814702 0.023233390320263374
0 0.4898808682832526 0.962358242965538 0.01582010459307389 0.03057025042139903
3 0.47199727178673434 0.848636911397934 0.02820105601374038 0.028124630387687144
6 0.4723411871039751 0.5704840722092518 0.08529099867570313 0.8535942710575541
6 0.4964152593108266 0.561311000935406 0.06190475710333282 0.8352481285098627
6 0.4750925096419009 0.5411200841200006 0.13343914308940633 0.7948662948790517