5 0.3395898746490502 0.45672630099559963 0.04402116060681446 0.16630216229241007
5 0.3743253216903648 0.41576216543092503 0.0515872975861108 0.1773074524441139
5 0.4152163950717823 0.41148233037192933 0.046702784404279905 0.16630216229241018
1 0.412156006586846 0.6407592085324211 0.02407407220685157 0.08437389116306099
0 0.38773801906275357 0.8370202162378021 0.015132273958592424 0.039129920539390635
0 0.3794840514489758 0.8822641868614727 0.024761902841333103 0.04402116060681441
2 0.34784384226282794 0.871870301718197 0.030264547917184907 0.08192827112934921
3 0.47612425559362315 0.6450390435914171 0.03232803982062938 0.06114050084279783
6 0.3715739991524388 0.6390563129805499 0.10798940961359176 0.5260709461948868
6 0.36641526939382785 0.6231269489593788 0.0674074021791847 0.5798089193324617
6 0.42839826047973223 0.6159115359383379 0.13221994978558668 0.5751605734252279