1 0.6692961355619891 0.8758268352349774 0.020537343968561737 0.07523444524510155
2 0.5476279311421764 0.6982514166785246 0.017425625185446318 0.05863861173515252
0 0.5196224620941379 0.6833151665195707 0.023649062751677098 0.037617222622550656
0 0.5606971500312612 0.7076557223341624 0.02115968772518468 0.030978889218571115
3 0.5967930879154 0.775145445274621 0.02862781280466173 0.07523444524510144
5 0.4794812897919491 0.013396687167969244 0.020537343968561737 0.025446944715254934
5 0.5000186337605108 0.012290298267306005 0.019292656455315534 0.021021389112601867
5 0.5230453527555647 0.010630714916311118 0.02925015656128487 0.017702222410612093
6 0.5386039466711419 0.40782433025441994 0.145006095293178 0.8120894530868297
6 0.5236676965121878 0.36600916440079845 0.06534609444542358 0.7284591213795867
6 0.5952372285238423 0.4576118307842665 0.16865515804485515 0.9138772319478495