5 0.4916004448694564 0.3845805100010982 0.0701587247171105 0.15162844209013865
5 0.48609779979360457 0.29348116374532945 0.06878306344814769 0.10883009150018016
5 0.5146427711245859 0.2604652932902185 0.06259258773781436 0.13817753190472315
2 0.42763219586267914 0.7532577300831693 0.0453968218757774 0.03790711052253469
1 0.3478438422628279 0.5245922569311052 0.037142854261999717 0.07214579099450137
0 0.44861103021436416 0.7245216946870542 0.021322749668925764 0.02934744040454286
0 0.44861103021436416 0.6921172292403713 0.025449733475814567 0.01589653021912749
3 0.39633590199377194 0.43960696075961625 0.037830684896481184 0.03912992053939069
6 0.46167513578510855 0.463143924782847 0.16850915247915438 0.5459804149236922
6 0.42624512640180506 0.3962978321508294 0.18844277746410226 0.32180028841231595
6 0.4653350875200021 0.5404887871502329 0.12080260519042325 0.4634449963884077