6 0.5880757356115621 0.4627639780513536 0.0706044814243387 0.7049078660723024
6 0.6118663760915023 0.4291103121872567 0.08237189499506178 0.6466961197127833
6 0.7001219778719256 0.4636735365882212 0.21897621775084747 0.7212799197359173
5 0.5630060284391519 0.1480567242952032 0.019441813725542455 0.07185512441253149
5 0.6110989360760203 0.14441849014773325 0.036837120743133125 0.0791315927074714
5 0.5827036555031885 0.14942106210050443 0.017906933694578554 0.07640291709686894
3 0.5770757620563209 0.7879311549814803 0.014837173632650877 0.04547792684337444
0 0.6123780027684902 0.6878797159260568 0.01995344040253059 0.023648521958554623
0 0.6497267501886114 0.7329028635009973 0.01893018704855457 0.022738963421687162
1 0.7980984865151203 0.793843285471119 0.021999947110482247 0.05730218782265176
2 0.6438430434032499 0.7274455122797924 0.02046506707951847 0.04274925123277184