1 0.40293300772731006 0.6064211379234745 0.03298421910102336 0.04536194492719356
2 0.5077979307182994 0.6888471110228871 0.034851250370892574 0.03983000042387725
0 0.5090426182315455 0.6296553048374028 0.022404375238430887 0.02323416691392834
0 0.5196224620941379 0.656208638453321 0.017425625185446318 0.021021389112601863
3 0.4216033204260025 0.546122942837327 0.02676078153479245 0.028766111417244642
5 0.5572742593698343 0.14561016079722838 0.039207656667254134 0.09957500105969308
5 0.543893868602438 0.11905682718131022 0.038585312910631 0.09514944545704
5 0.5504284780469804 0.06871613220113205 0.03671828164076185 0.0276597225165814
6 0.48197066481844136 0.4034440661492059 0.18981484577003985 0.6152428117636484
6 0.5367369154012726 0.3702574346964411 0.052899219312961834 0.5931251048846489
6 0.48850527426298385 0.34810359636921173 0.16056468920875505 0.5864346508527407