5 0.37610452293853713 0.19562921731400848 0.031346258992542855 0.11637042554094366
5 0.4052195288677538 0.19235117715792555 0.026883752865890554 0.10817532515073636
5 0.43003852738158893 0.19439995225547738 0.02397066864135635 0.11227287534584
1 0.40480015878664427 0.82391471684475 0.01632966057013651 0.05205470342664184
2 0.37129620003067465 0.9615593653286592 0.030406954165081785 0.05505785939356372
3 0.46657797368821435 0.8184089309053937 0.031771675564097115 0.045047339503824675
0 0.4090233468651279 0.919515181791756 0.018018935801529933 0.0270284037022948
0 0.3991692413486662 0.9495467414609724 0.021960578008114594 0.029030507680242564
6 0.3871350758632745 0.5643050711960765 0.06250318356155693 0.852938280765798
6 0.4406159558100612 0.5357540964302967 0.08049644793507618 0.797838435212186
6 0.3862904382475779 0.5548305841386446 0.05067825694180288 0.8319872026729863