5 0.5010332434428744 0.23603955792126965 0.04629157995925886 0.10780794621622955
5 0.5079769804367633 0.27924503254991123 0.03425576916985156 0.12015236753869855
5 0.5248734071218928 0.31051756656683277 0.04582866415966633 0.11521459900971094
1 0.5720908186803368 0.7606774641262034 0.02453453737840726 0.04608583960388431
3 0.3347818933811447 0.8430643674292715 0.026951222673803787 0.059023611652774845
2 0.5012033887149591 0.8101105541585246 0.0327422278485384 0.0445545816539781
0 0.4829795272587634 0.7619119062584503 0.024071621578814595 0.028803649752427763
0 0.489691806352856 0.8536721047554701 0.023608705779222063 0.039502148231900916
6 0.4219898494052362 0.527482281972797 0.20438468629293985 0.6906933943192843
6 0.5325115178151705 0.5693389336279334 0.10924812870385095 0.6328573331319122
6 0.5017276171422633 0.5248990168670449 0.048606158957221854 0.6213358732309411