5 0.614034297807159 0.21216429762440817 0.006878306344814679 0.08559670117991704
5 0.624695672641622 0.21094148760755224 0.014444443324111083 0.08559670117991704
5 0.6484258295312328 0.21033008259912428 0.03164020918614791 0.08681951119677297
3 0.505647336096511 0.8792071618193328 0.030845104992035244 0.02812463038768692
1 0.505357057559086 0.9213941074008635 0.03576719299303665 0.03668430050567875
0 0.6319178943036776 0.8590307965412096 0.020634919034444296 0.029347440404542742
0 0.6477379988967515 0.8773729467940489 0.020634919034444296 0.024456200337119087
2 0.6463623376277885 0.9079431972154478 0.037142854261999786 0.039129920539390635
6 0.5662550872436418 0.5302949120979428 0.14930928474837082 0.7218579301269868
6 0.5768914435451594 0.5523341770318662 0.17746030369622084 0.7757189401296805
6 0.62847874113127 0.5240434221518884 0.023386241572370167 0.7069093302011656