5 0.5115319932580379 0.2839087733801353 0.04480875047686184 0.12834111247693764
5 0.5199336339724494 0.25237668971123256 0.04294171920699263 0.125021945774948
5 0.5426491810891919 0.23750614031770134 0.036095937884138715 0.12625973620645672
2 0.4471194144475489 0.7983796121885494 0.03547359412751551 0.05089388943050963
1 0.4144463672248371 0.6191446102811019 0.023649062751677098 0.05531944503316281
3 0.46672324278117594 0.5806813593309837 0.03360656285764636 0.027074054762109615
0 0.46952378968597985 0.7856561398309219 0.011824531375838549 0.016595833509948914
0 0.4710796490775375 0.7513580839103611 0.02115968772518481 0.021021389112601863
6 0.48165949294012983 0.5218827790229382 0.10579843862592386 0.6042891237625435
6 0.5003298056388223 0.47648242993439727 0.08463875090073905 0.5776589818239303
6 0.48165949294012994 0.4117524696809008 0.15683062666901662 0.4747523949328557