5 0.3777280855840753 0.33148349610865535 0.038585312910631 0.15268166829152938
5 0.4116458203200333 0.31267488479738 0.03796296915400799 0.1571072238941824
5 0.4449412112993681 0.31381078752794617 0.03236187534440022 0.14610236254735565
2 0.38861910132497923 0.8444283630747264 0.024271406508300234 0.063331390355109
0 0.41040113280678714 0.8575714183740333 0.021782031481807816 0.03208527811923447
0 0.4231591798175602 0.8398691959634212 0.024893750264923305 0.036510833721887535
1 0.4670344146594875 0.6645065552082954 0.024271406508300168 0.07302166744377496
4 0.5292687903217956 0.6882939165725555 0.02551609402154631 0.049787500529846616
6 0.45209816450053353 0.5660860592003375 0.18608078323030136 0.6218867944748936
6 0.43685074246326805 0.5058476190298087 0.08837281344047754 0.5390271367563867
6 0.42564855484405256 0.5600032490679753 0.07343656328152363 0.6340617300247609