5 0.3358068061594021 0.23662049796152734 0.043333329972332996 0.15651968215756254
5 0.37226182978692035 0.22867223285196367 0.02957671728270344 0.1504056320732827
5 0.4035581236558275 0.2318802618957259 0.03164020918614791 0.1494848300596715
3 0.5153306017590673 0.7667086402685848 0.03232803982062938 0.06236331085965378
1 0.45585275203077746 0.7391954148893257 0.028927886956937494 0.0660317409102216
1 0.3667591847110685 0.9103888172491599 0.021322749668925698 0.041575540573102636
1 0.3922089181868832 0.8914352619878925 0.02682539474477757 0.03546149048882281
2 0.3578173864628093 0.8822641868614727 0.01994708839996283 0.0660317409102216
6 0.38931305182356996 0.5453800272176565 0.15034582130066862 0.7764843607035327
6 0.36759650836533025 0.5361777528738852 0.03950533220500471 0.7580798120159901
6 0.4569427072747024 0.5362666086188839 0.15216598911352724 0.7509206634048516