5 0.3883923786323774 0.24939482969473986 0.03920634616544425 0.1345091018541557
5 0.4062759751288959 0.23166408445032843 0.03920634616544419 0.1455143920058594
5 0.43722835368056234 0.22493862935762066 0.026825394744777638 0.13206348182044378
3 0.2188421272326932 0.7140626361000049 0.03439153172407391 0.06603174091022185
3 0.3216728070876741 0.7385188364371239 0.02820105601374064 0.03668430050567886
2 0.4011172453702848 0.7550267716646795 0.034391531724073846 0.062363310859654006
0 0.3773870884806738 0.740353051462408 0.014444443324111083 0.04035273055624692
0 0.42106433377024766 0.7189538761674286 0.016507935227555486 0.03179306043825498
6 0.30482095654287794 0.4831201714912685 0.20634919034444335 0.5995141654135008
6 0.4053238728551203 0.4756283039062352 0.04142912542478192 0.6285515908502487
6 0.378418834432396 0.4567195036652929 0.14444443324111034 0.6005164705032121