5 0.40593205981165514 0.4211996370630023 0.03576719299303685 0.1406231519384355
5 0.43482094645987723 0.4022460818017349 0.03301587045511091 0.1516284420901391
5 0.4712759700873955 0.4083601318860147 0.04126983806888872 0.154074062123851
3 0.29484741234289646 0.6645388304173383 0.025449733475814633 0.07214579099450179
3 0.3797944957013589 0.7531925566393954 0.03576719299303685 0.03423868047196686
0 0.42759872479782174 0.7959909072293542 0.022698410937888894 0.04157554057310252
0 0.4829690908735806 0.808219007397914 0.022010580303407364 0.03668430050567875
2 0.4461701519288216 0.8283953726760371 0.026825394744777638 0.07459141102821344
6 0.36087915325311837 0.583221964296417 0.15751321529625842 0.4695590464726887
6 0.4392918455840068 0.5974020992573167 0.04195766870337012 0.5394948569675906
6 0.43378920050815495 0.5796406438418628 0.14375660260662887 0.4941894660018353