5 0.4589284897315863 0.2494600031385149 0.029576717282703315 0.055026450758518
5 0.46640057953562175 0.27208198845035014 0.03764259054595957 0.0929335612810528
5 0.4898808682832527 0.2769732285177739 0.03783068489648112 0.0953791813147647
2 0.5339020288900671 0.8877668319373245 0.030952378551666444 0.05258083072480601
1 0.40768510746271636 0.9323993975525668 0.04126983806888852 0.04402116060681441
3 0.396335901993772 0.870647491701341 0.02957671728270351 0.04035273055624658
0 0.515674517076308 0.8394658362715142 0.01788359649651836 0.02934744040454286
0 0.5294311297659375 0.8492483164063619 0.017883596496518293 0.026901820370831202
6 0.45342584465573454 0.5569967223777882 0.14375660260662845 0.6700998892370645
6 0.4922882755039379 0.5436048067325275 0.0907936437515548 0.6335335778116958
6 0.46855811861432706 0.588854869172528 0.1616401991031468 0.7313705627928327