0 0.44389934431270595 0.8291836643727463 0.023183991841023543 0.0341791099228098
0 0.34409508675317785 0.8050572338389981 0.022618528625388844 0.03417910992280969
1 0.43315554321564625 0.9719317116974223 0.03562418258498733 0.04825286106749602
2 0.3757610268287222 0.8286810304032932 0.031665940075544366 0.06735295190671335
3 0.48687454870094465 0.8221467888004031 0.03223140329117894 0.0341791099228098
5 0.3435296235375431 0.3210207212556778 0.03732057223189156 0.13571117175233277
5 0.37067185788800966 0.304433800263726 0.04636798368204709 0.14475858320248833
5 0.4040341876104582 0.2928732189663051 0.036189645800622096 0.14375331526358215
6 0.4591668511348434 0.5456981056012066 0.14758589928066196 0.6594557679224469
6 0.3785883429068958 0.6261195407137001 0.14588950963375774 0.7378666671571281
6 0.370106394672375 0.5472060075095658 0.044106130819508156 0.6303029976941679