5 0.5487927708129465 0.18983325522842276 0.039582425094430426 0.08042143511249354
5 0.5241951209328362 0.20290173843420295 0.027707697566101273 0.07438982747905651
5 0.5066657612481598 0.21848339148724855 0.02544584470356241 0.0753950954179627
3 0.48630908548530993 0.9880159987199209 0.023183991841023543 0.02412643053374789
0 0.5575574506552845 0.9126209033019581 0.016398433253406945 0.030158038167185038
0 0.5753695419477782 0.9699211758196097 0.028273160781735973 0.028147502289372885
1 0.5736731523008741 0.9734396136057816 0.006785558587616659 0.005026339694530897
1 0.5897888539464636 0.9498158170414863 0.027707697566101273 0.03417910992280969
6 0.5198996976012003 0.5904325288825312 0.0937579953666125 0.8132617625750908
6 0.5561437926161978 0.5708298040738607 0.0949978202266329 0.8162775663918092
6 0.6539689289210043 0.5733429739211261 0.25106566774181566 0.8474408724979003