2 0.5050131422418451 0.8944922870300321 0.040582007434407055 0.046466780640526284
1 0.39667981731101276 0.8254035210776707 0.037142854261999654 0.04768959065738258
0 0.5032935656556414 0.8327403811788066 0.02063491903444423 0.02078777028655126
0 0.5160184323935488 0.8553623664906416 0.021322749668925764 0.029347440404542974
3 0.42040997420062365 0.7636516152264449 0.030952378551666444 0.026901820370830977
5 0.48781737637980827 0.2567968632396506 0.04195766870336999 0.09904761136533252
5 0.47268510242121586 0.23723190296995533 0.03920634616544412 0.09171075126419674
5 0.4792194934487898 0.19259933735471294 0.03851851553096272 0.03668430050567875
6 0.4514875986803106 0.5633159545881834 0.1481340782695585 0.7047489339612631
6 0.4603041510005492 0.5093071317204059 0.11211639342048056 0.6700998892370645
6 0.48936736854285134 0.5307063070153849 0.07532220094664119 0.6811051793887682