5 0.4888164461412954 0.19097210572442186 0.0342289066142695 0.09293666765571358
5 0.505308555691807 0.19207849462508508 0.027383125291415587 0.09957500105969302
5 0.5305134778350418 0.18931252237342702 0.032984219101023296 0.09625583435770331
1 0.6539800941715591 0.9881253086522978 0.017288386479117675 0.018808611311275505
0 0.524290040268811 0.7812305842282687 0.020537343968561675 0.029872500317907995
0 0.5600748062746381 0.8182946124004881 0.022404375238430824 0.019915000211938743
2 0.5522955093168497 0.7961668343872229 0.023026718995054023 0.05753222283448917
3 0.593370197253973 0.8940822520959212 0.024271406508300234 0.06748972294045855
6 0.5382927747928303 0.5367518537986294 0.13318156391733943 0.7844961638041287
6 0.5283352746868609 0.48479036531401637 0.07343656328152363 0.6805731868349026
6 0.5883914472009882 0.5705240630678305 0.14874015783291644 0.8542533601438577