5 0.5452512343590115 0.2396775230036673 0.01788359649651836 0.07703703106192533
5 0.5586639317314004 0.2347862829362434 0.021322749668925764 0.07703703106192533
5 0.5817062579865298 0.22683801782667967 0.03164020918614791 0.0733686010113575
3 0.47784383217982684 0.8987721220890282 0.030264547917184977 0.03546149048882257
2 0.6250395879588627 0.8614764165749216 0.02751322537925897 0.05135802070795029
1 0.4953835133591046 0.9317879925441389 0.036455023627518186 0.028124630387687262
0 0.6030290076554555 0.8284605461198107 0.01925925776548136 0.03179306043825498
0 0.6222882654209368 0.8359530902751106 0.01925925776548136 0.03210442854658355
6 0.5376850973797154 0.5588309374030721 0.1499470783169618 0.7153438598607349
6 0.5579761010969189 0.5692345446548317 0.16164019910314675 0.7581616546676617
6 0.5899602256003075 0.5240364900552875 0.08529099867570306 0.6530918252663012