5 0.6157538743933627 0.2506828131553709 0.06671957154470316 0.1552968721407066
5 0.5999337698002889 0.21460991765812013 0.07084655535159197 0.15407406212385066
5 0.6030290076554554 0.12534478642763525 0.05777777329644408 0.031793060438254986
1 0.389801510966198 0.8309061661535224 0.04264549933785153 0.058694880809086296
2 0.5321824523038635 0.9690836980582458 0.0495238056826664 0.04402116060681452
0 0.5328702829383449 0.8828755918699007 0.02888888664822204 0.030570250421398684
0 0.5458650826493419 0.9183370823587235 0.028740921959919553 0.04279835058995869
3 0.4149073291247719 0.7379726048724697 0.03645502362751832 0.03423868047196686
6 0.5139549404901044 0.5235791837905739 0.23592590762714633 0.8307074751978447
6 0.5019179043866785 0.5001360565939861 0.2682539474477756 0.7202350999281588
6 0.5784632085067857 0.5816687126399681 0.1407096568195482 0.8172686711099005