5 0.46133589695227145 0.2243923977929678 0.03989417679992559 0.12717224175301944
5 0.48506605384188245 0.2060502475401284 0.03232803982062944 0.1173897616181719
5 0.5050131422418451 0.19565636239685275 0.03645502362751838 0.11616695160131596
2 0.4596163203660678 0.8834869968783287 0.037830684896481254 0.06358612087650972
0 0.49091261423497495 0.8296833561366667 0.017883596496518425 0.029347440404542974
0 0.48919303764877115 0.8675904666592011 0.01582010459307389 0.03179306043825486
1 0.4585845744143455 0.7220760746533423 0.016507935227555552 0.04402116060681464
3 0.5176210332977794 0.6972744958406006 0.030030596553238826 0.038439163588145656
6 0.46898575612832516 0.5380431671165208 0.055193895152033136 0.7544737804001255
6 0.4854099691591231 0.49712178831450143 0.03301587045511085 0.6946416030994942
6 0.4912967998578461 0.4390516639426505 0.08330804738351942 0.6054031747266231