5 0.5197680298183397 0.17419201365809833 0.03920634616544419 0.1161669516013163
5 0.5359320497286544 0.19192275890250976 0.03439153172407378 0.11005290151703637
5 0.5593182913010246 0.19497978394464965 0.03989417679992566 0.1137213315676043
2 0.5232071829907471 0.7238451162348525 0.018571427130999893 0.056249260775374066
0 0.5042918405425064 0.7036687509567291 0.02201058030340723 0.03057025042139903
0 0.5287098280665989 0.7507469366056836 0.026825394744777638 0.026901820370831088
1 0.593021992390617 0.9824694347998882 0.02201058030340723 0.03057025042139903
3 0.5503764930527655 0.8449033079035927 0.027513225379259106 0.05869488080908607
6 0.511514062204562 0.4964024530996438 0.1038624258067032 0.7605878304844074
6 0.537995541632099 0.4451506993836072 0.050899466951629405 0.6165087824792311
6 0.5682600895492839 0.5685790776408016 0.10592591771014762 0.8584742989261965