5 0.48477121172324533 0.2529298841615641 0.018670312698692463 0.06195777843714235
5 0.49721808685570695 0.2490575230092428 0.018670312698692463 0.06306416733780557
5 0.516199571432711 0.2440787729562581 0.026760781534792517 0.0685961118411218
0 0.5264682434169917 0.7685071118706415 0.01493625015895397 0.022127778013265216
0 0.5535401968300958 0.786762528731585 0.020537343968561737 0.023234166913928222
2 0.550739649925292 0.783996556479927 0.021159687725184746 0.03983000042387737
1 0.6216868381803232 0.8968482243475792 0.023649062751677226 0.05310666723183622
3 0.578433947095019 0.8321244736587788 0.021782031481807948 0.05863861173515264
6 0.5320693372265997 0.542284548618689 0.11326656370540085 0.6384543295500655
6 0.524912384025434 0.5102560419776274 0.0740589070381467 0.5854612052745747
6 0.5697211345022959 0.5694358097803697 0.13255922016071636 0.7104590742840391