5 0.44654753831091964 0.23539768794467136 0.033703701089592315 0.15162844209013876
5 0.4781877474970676 0.220112562733972 0.036455023627518186 0.1552968721407066
5 0.5129231945383821 0.22011256273397192 0.03301587045511078 0.1528512521069946
3 0.5586639317314004 0.6694952439285361 0.030952378551666316 0.05869488080908595
1 0.4981348358970303 0.6486316652071668 0.025449733475814768 0.06832574407429709
0 0.4561771671936604 0.8345745962040904 0.02407407220685157 0.03423868047196686
0 0.46752637266260466 0.8033929407742636 0.016507935227555358 0.03790711052253469
2 0.42728828054543844 0.8247921160692429 0.026825394744777444 0.08070546111249316
6 0.441044893235068 0.5135922122629887 0.05433862012403654 0.7055718706930614
6 0.4852348378619967 0.41137088457446996 0.050549204357376476 0.5353678957879905
6 0.517050178345271 0.48485093138328667 0.11693120786185089 0.6823279894056242