5 0.20474263562821454 0.19750064494388642 0.03716405509065545 0.1311378105555789
5 0.23740195676848752 0.1939969629824778 0.025902220214699317 0.122128342654814
5 0.2661196357021759 0.19449748897696473 0.03040695416508175 0.1271336025996834
1 0.3542434936065332 0.8081423582179561 0.026465311958497124 0.05505785939356349
3 0.41449431019289884 0.8286639239919209 0.026465311958497124 0.05205470342664208
2 0.2483822457725448 0.9282685968948223 0.019708211032923327 0.06707048326125041
0 0.27315828249964846 0.9362770128066135 0.024212944983305826 0.03904102756998126
0 0.2877986678383916 0.9067459791318838 0.01632966057013651 0.028029455691268915
6 0.339884654139689 0.5263859109603362 0.17793699104010807 0.7869062386105308
6 0.2770999247062331 0.5454198600945958 0.18187863324669273 0.82497413687905
6 0.24275132833456672 0.5499277023739914 0.03772714683445332 0.8279835095039979